symbol,open,close,high,low,quote_volume,taker_buy_base_volume,taker_buy_quote_volume,trades,open_time
AVAXUSDT,9.914,9.922,9.932,9.914,138830.64,10101.0,100254.657,575,1770007320000
ARPAUSDT,0.01157,0.01157,0.01157,0.01156,3703.32979,56460.0,653.18911,89,1770007320000
ONTUSDT,0.0506,0.0506,0.0506,0.0505,76.83219,1327.9,67.19174,5,1770007320000
LPTUSDT,2.581,2.582,2.584,2.58,995.9484,194.3,501.6494,64,1770007320000
KAVAUSDT,0.0628,0.0629,0.0629,0.0628,2226.99864,35460.0,2226.99864,8,1770007320000
CHZUSDT,0.04605,0.04615,0.04615,0.04605,26822.75815,427742.0,19728.88626,303,1770007320000
BTCDOMUSDT,5041.7,5039.0,5041.9,5039.0,3381.8569,0.147,741.082,67,1770007320000
BANDUSDT,0.2469,0.2471,0.2471,0.2469,681.94879,1278.9,315.8824,30,1770007320000
MTLUSDT,0.3039,0.3042,0.3042,0.3039,344.7679,292.0,88.7862,12,1770007320000
NEARUSDT,1.183,1.185,1.186,1.183,19261.548,11115.0,13163.161,147,1770007320000
ZRXUSDT,0.1075,0.1075,0.1076,0.1074,587.39005,2277.8,244.88507,27,1770007320000
ALGOUSDT,0.1019,0.1019,0.1021,0.1019,12664.18683,50667.7,5168.24649,92,1770007320000
STORJUSDT,0.1073,0.1077,0.1077,0.1073,7568.1957,53386.0,5743.7003,79,1770007320000
DUSKUSDT,0.1016,0.10177,0.10188,0.10156,15884.62117,68817.0,7003.02233,350,1770007320000
BNBUSDT,755.96,756.44,756.92,755.96,397635.7609,216.01,163390.5837,1699,1770007320000
ENSUSDT,6.864,6.868,6.874,6.864,2875.5049,263.8,1811.9126,111,1770007320000
GTCUSDT,0.107,0.107,0.108,0.107,608.0409,195.3,21.0924,9,1770007320000
CTSIUSDT,0.0278,0.0277,0.0278,0.0277,85.2637,2524.0,70.1672,4,1770007320000
ENJUSDT,0.02398,0.024,0.02402,0.02398,705.7543,18505.0,444.10326,34,1770007320000
API3USDT,0.3295,0.3297,0.3299,0.3295,1128.06786,2074.9,684.3858,40,1770007320000
DASHUSDT,44.35,44.42,44.44,44.35,45040.45179,675.679,30013.72749,541,1770007320000
FILUSDT,1.049,1.049,1.051,1.049,107836.8287,95614.5,100387.2531,159,1770007320000
1000SHIBUSDT,0.006757,0.006765,0.00677,0.006757,34102.218858,2743902.0,18560.065717,353,1770007320000
QTUMUSDT,1.058,1.059,1.06,1.057,46339.704,9543.5,10103.8686,279,1770007320000
THETAUSDT,0.2142,0.2146,0.2147,0.2142,2309.11837,3872.6,830.96147,66,1770007320000
NKNUSDT,0.01007,0.01009,0.01009,0.01007,330.21421,23441.0,236.29792,12,1770007320000
DOGEUSDT,0.10426,0.10438,0.10446,0.10426,253513.77105,1609134.0,167933.12127,1457,1770007320000
ZECUSDT,301.95,302.56,302.69,301.92,370893.32709,970.574,293321.93547,1586,1770007320000
ZENUSDT,7.096,7.111,7.113,7.096,7519.4605,647.9,4604.5717,190,1770007320000
C98USDT,0.0191,0.019,0.0192,0.019,40091.0866,230240.0,4397.6236,113,1770007320000
APEUSDT,0.1459,0.1461,0.1462,0.1459,2646.7829,9765.0,1427.0818,85,1770007320000
XLMUSDT,0.17406,0.17427,0.1744,0.17405,26578.90336,114728.0,19993.43509,405,1770007320000
SUSHIUSDT,0.2365,0.237,0.2371,0.2365,2269.598,5592.0,1324.919,39,1770007320000
CRVUSDT,0.279,0.279,0.279,0.278,1258.9822,2255.4,629.2566,31,1770007320000
COMPUSDT,19.62,19.64,19.65,19.62,5350.57282,143.761,2823.83289,74,1770007320000
ATAUSDT,0.0139,0.014,0.014,0.0139,93.2395,2485.0,34.79,5,1770007320000
YFIUSDT,2808.0,2808.0,2810.0,2807.0,584.215,0.178,499.971,30,1770007320000
GMTUSDT,0.01357,0.01358,0.01359,0.01357,2748.47332,146825.0,1993.23461,44,1770007320000
HOTUSDT,0.00041,0.00041,0.00041,0.000409,2747.02748,6619975.0,2714.18975,36,1770007320000
KNCUSDT,0.1715,0.1718,0.1718,0.1715,3288.3906,17836.0,3063.4636,28,1770007320000
FLOWUSDT,0.05592,0.05602,0.05606,0.05592,7953.2639,106145.9,5943.85831,203,1770007320000
BELUSDT,0.1107,0.1106,0.1108,0.1106,185.8361,591.0,65.4416,19,1770007320000
IMXUSDT,0.1807,0.181,0.1811,0.1806,3771.0897,19569.0,3541.3754,53,1770007320000
RSRUSDT,0.001818,0.001819,0.001821,0.001817,629.608836,211758.0,385.311125,33,1770007320000
AAVEUSDT,125.73,125.84,125.93,125.72,43635.174,183.4,23074.891,297,1770007320000
RUNEUSDT,0.4598,0.4599,0.4601,0.4598,4979.8991,5609.0,2580.4771,100,1770007320000
HBARUSDT,0.08935,0.08951,0.08959,0.08935,117158.39369,1043873.0,93458.26841,565,1770007320000
ARUSDT,2.497,2.502,2.504,2.497,4771.7139,1682.4,4207.438,90,1770007320000
DENTUSDT,0.000159,0.000159,0.00016,0.000159,204.050321,145223.0,23.23568,14,1770007320000
NEOUSDT,3.155,3.162,3.165,3.155,13342.28963,2883.34,9109.46045,245,1770007320000
PEOPLEUSDT,0.00757,0.00757,0.00758,0.00757,3031.32988,326714.0,2473.48144,42,1770007320000
ATOMUSDT,1.942,1.945,1.946,1.942,17380.52565,4378.7,8515.42555,145,1770007320000
OGNUSDT,0.0237,0.0237,0.0237,0.0237,2769.8427,114078.0,2703.6486,20,1770007320000
IOTAUSDT,0.0712,0.0713,0.0713,0.0712,3538.50978,15907.5,1134.20475,41,1770007320000
ANKRUSDT,0.004987,0.004988,0.004993,0.004987,817.161802,150065.0,748.963732,42,1770007320000
XTZUSDT,0.465,0.465,0.465,0.464,122.5754,125.8,58.497,6,1770007320000
SANDUSDT,0.1001,0.10027,0.10033,0.1001,9979.04065,65715.0,6586.79612,362,1770007320000
XRPUSDT,1.5882,1.5882,1.5898,1.5877,494989.24062,143264.9,227611.82221,1797,1770007320000
ETCUSDT,9.608,9.615,9.62,9.608,10411.74961,696.0,6691.33997,161,1770007320000
LTCUSDT,58.48,58.52,58.55,58.48,79090.3994,532.242,31152.41167,291,1770007320000
1INCHUSDT,0.1142,0.1145,0.1145,0.1142,14502.3938,72752.0,8325.0099,89,1770007320000
KSMUSDT,5.407,5.407,5.412,5.405,1209.3041,131.6,711.7837,47,1770007320000
RVNUSDT,0.00608,0.00609,0.00609,0.00608,1071.29955,123744.0,752.38531,23,1770007320000
BCHUSDT,513.41,513.96,514.28,513.41,56847.41204,52.261,26859.195,519,1770007320000
BATUSDT,0.126,0.1261,0.1262,0.126,703.70968,3189.2,402.12593,36,1770007320000
IOSTUSDT,0.001366,0.001366,0.001368,0.001366,414.348802,194466.0,265.802708,14,1770007320000
SNXUSDT,0.339,0.34,0.34,0.339,46.9437,93.9,31.926,4,1770007320000
ZILUSDT,0.00406,0.00407,0.00407,0.00406,6951.08701,1028851.0,4177.26253,50,1770007320000
XMRUSDT,403.46,403.89,404.28,403.46,22173.93451,23.131,9342.37424,487,1770007320000
TRXUSDT,0.28286,0.28301,0.28301,0.28286,30706.61703,49920.0,14123.00753,197,1770007320000
CHRUSDT,0.0297,0.0297,0.0297,0.0297,211.6719,0.0,0.0,5,1770007320000
LINKUSDT,9.417,9.427,9.435,9.417,162243.20636,8352.52,78739.19352,664,1770007320000
EGLDUSDT,4.667,4.67,4.673,4.666,1279.1124,216.0,1008.7316,69,1770007320000
SKLUSDT,0.00756,0.00757,0.00757,0.00755,1396.46239,30547.0,231.22051,31,1770007320000
ROSEUSDT,0.01753,0.01755,0.01758,0.01753,16516.67922,441610.0,7750.19788,179,1770007320000
RLCUSDT,0.5014,0.5013,0.5019,0.5013,240.14783,307.2,154.03945,15,1770007320000
SFPUSDT,0.2919,0.2921,0.2924,0.2919,823.7101,1586.0,463.4746,31,1770007320000
MANAUSDT,0.1125,0.1126,0.1127,0.1125,3037.7814,7721.0,869.3306,52,1770007320000
BTCUSDT,76245.9,76236.3,76301.7,76231.4,17203357.5913,71.328,5439731.9647,7270,1770007320000
ICXUSDT,0.0442,0.0443,0.0444,0.0442,2631.773,20126.0,891.5994,16,1770007320000
1000XECUSDT,0.00882,0.00882,0.00882,0.00882,35.90622,3270.0,28.8414,2,1770007320000
TRBUSDT,16.137,16.161,16.162,16.137,5795.2902,284.5,4594.9879,346,1770007320000
VETUSDT,0.008277,0.008284,0.008292,0.008277,5939.458715,507749.0,4207.428874,240,1770007320000
ALICEUSDT,0.132,0.131,0.132,0.131,260.5987,1323.5,174.702,12,1770007320000
SOLUSDT,100.99,101.0,101.12,100.95,1442715.5285,7546.08,762325.8973,2450,1770007320000
MASKUSDT,0.5231,0.5235,0.5239,0.5229,8339.0392,5282.0,2764.7559,177,1770007320000
ETHUSDT,2256.56,2257.31,2259.36,2255.91,7700970.08982,1464.315,3305516.02164,10503,1770007320000
CELRUSDT,0.00289,0.00289,0.0029,0.00289,117.7456,2434.0,7.0586,7,1770007320000
LRCUSDT,0.04055,0.04057,0.04059,0.04055,456.10793,8551.0,347.00868,33,1770007320000
GRTUSDT,0.02994,0.02997,0.03,0.02994,1969.56898,33926.0,1016.89898,94,1770007320000
IOTXUSDT,0.00635,0.00635,0.00636,0.00634,890.2073,78914.0,501.19509,46,1770007320000
GALAUSDT,0.00474,0.00475,0.00476,0.00474,28319.82167,3223082.0,15310.21371,112,1770007320000
CELOUSDT,0.093,0.093,0.094,0.093,169.6293,276.3,25.9722,8,1770007320000
DOTUSDT,1.507,1.506,1.509,1.506,121136.4841,29440.5,44411.3243,262,1770007320000
DYDXUSDT,0.132,0.132,0.133,0.131,150014.0872,535510.8,70687.6243,211,1770007320000
AXSUSDT,1.747,1.752,1.756,1.746,130745.742,55794.0,97713.671,853,1770007320000
ONEUSDT,0.00287,0.00287,0.00288,0.00287,62.82123,9451.0,27.21888,5,1770007320000
ADAUSDT,0.2876,0.2879,0.288,0.2876,126499.6229,235385.0,67743.6737,449,1770007320000
WOOUSDT,0.01943,0.01944,0.01947,0.01943,270.76248,8057.0,156.68267,15,1770007320000
JASMYUSDT,0.005806,0.005807,0.005812,0.005803,4281.933002,299435.0,1739.091897,162,1770007320000
OPUSDT,0.2302,0.2304,0.2306,0.2302,15435.30423,30780.2,7093.10663,142,1770007320000
PORTALUSDT,0.01668,0.01668,0.01669,0.01668,245.576378,10635.5,177.47027,15,1770007320000
INJUSDT,3.602,3.607,3.61,3.602,7104.3671,1225.2,4417.4947,143,1770007320000
METISUSDT,3.897,3.904,3.905,3.897,615.09743,123.08,480.31841,30,1770007320000
SPELLUSDT,0.0002093,0.0002092,0.0002096,0.0002092,558.234926,642617.0,134.5540835,26,1770007320000
STGUSDT,0.1533,0.1541,0.1542,0.1533,12686.183,52780.0,8114.2004,217,1770007320000
1000LUNCUSDT,0.038,0.03824,0.0383,0.03798,121812.30048,2634783.0,100558.3462,750,1770007320000
LUNA2USDT,0.06777,0.06793,0.06799,0.06775,20159.18052,184870.0,12543.69645,386,1770007320000
ETHFIUSDT,0.4908,0.4916,0.4922,0.4908,6498.0853,8516.7,4187.24456,217,1770007320000
LDOUSDT,0.4174,0.4178,0.4181,0.4174,10162.4436,13496.0,5637.2634,177,1770007320000
ICPUSDT,2.66,2.661,2.663,2.658,63780.889,7900.0,21018.185,333,1770007320000
APTUSDT,1.2524,1.2543,1.2562,1.2524,69773.60789,48080.4,60346.76679,513,1770007320000
SAGAUSDT,0.03516,0.0352,0.03524,0.03516,885.451658,14554.6,512.505394,70,1770007320000
QNTUSDT,67.85,67.83,67.91,67.81,1893.489,17.4,1180.896,80,1770007320000
FETUSDT,0.1822,0.1825,0.1826,0.1822,7905.2407,14395.0,2625.6085,130,1770007320000
MAGICUSDT,0.0681,0.0682,0.0683,0.0681,1523.41191,17880.6,1219.65925,24,1770007320000
MINAUSDT,0.0702,0.0701,0.0703,0.0701,17124.2807,38648.0,2713.2657,80,1770007320000
HOOKUSDT,0.02997,0.02998,0.03001,0.02997,449.566797,6158.5,184.796625,23,1770007320000
TUSDT,0.00755,0.00756,0.00756,0.00755,828.02837,65988.0,498.74802,16,1770007320000
HIGHUSDT,0.1644,0.1644,0.1645,0.1644,205.66518,788.0,129.58086,17,1770007320000
ASTRUSDT,0.008372,0.008401,0.008408,0.008372,8829.574349,944698.0,7927.920252,215,1770007320000
PHBUSDT,0.1793,0.1795,0.1796,0.1793,247.617,857.0,153.9055,17,1770007320000
GMXUSDT,6.083,6.083,6.087,6.083,259.57976,26.39,160.54852,11,1770007320000
CFXUSDT,0.0551,0.05514,0.05519,0.0551,1696.15932,13088.0,721.85326,90,1770007320000
LISTAUSDT,0.1153,0.1153,0.1156,0.1153,723.5455,2439.0,281.7599,74,1770007320000
STXUSDT,0.2572,0.2573,0.2575,0.2572,2200.3628,3470.0,893.2613,93,1770007320000
ACHUSDT,0.008121,0.008125,0.00813,0.008121,1079.878089,67863.0,551.268992,47,1770007320000
SYSUSDT,0.01545,0.01545,0.01546,0.01543,368.40384,18444.0,285.06017,22,1770007320000
CKBUSDT,0.001968,0.001967,0.001968,0.001967,205.947332,37113.0,73.0039,10,1770007320000
SUNUSDT,0.017149,0.017144,0.017154,0.017143,711.96003,37331.0,640.101595,24,1770007320000
TRUUSDT,0.00702,0.00701,0.00702,0.00701,65.47449,5016.0,35.21232,7,1770007320000
LQTYUSDT,0.317,0.3171,0.3172,0.3169,311.38266,607.7,192.6409,26,1770007320000
SSVUSDT,3.848,3.853,3.855,3.848,1511.7838,310.91,1197.85234,61,1770007320000
IDUSDT,0.05503,0.05504,0.05508,0.05501,1144.86512,13653.0,751.57953,55,1770007320000
ARBUSDT,0.1352,0.1354,0.1355,0.1352,12837.54498,51153.6,6924.89061,146,1770007320000
TLMUSDT,0.001893,0.001895,0.001896,0.001893,618.197092,168118.0,318.630675,28,1770007320000
JOEUSDT,0.04273,0.04276,0.04279,0.04273,136.95107,2768.0,118.31364,10,1770007320000
RDNTUSDT,0.00713,0.00712,0.00713,0.00712,86.43693,2149.0,15.32237,6,1770007320000
HFTUSDT,0.02081,0.02084,0.02084,0.02081,1369.02932,58091.0,1210.45711,29,1770007320000
1MBABYDOGEUSDT,0.0004624,0.0004628,0.0004633,0.0004624,2035.4450777,2815482.0,1303.4487306,71,1770007320000
XVSUSDT,3.535,3.535,3.538,3.531,2074.3349,188.2,665.4569,62,1770007320000
ETHBTC,0.029581,0.029588,0.029588,0.029578,0.40173322,8.27,0.24463604,19,1770007320000
CATIUSDT,0.04735,0.04734,0.04736,0.04732,719.80319,8568.0,405.74536,23,1770007320000
HMSTRUSDT,0.0001893,0.0001893,0.0001894,0.0001892,2888.5624069,14190374.0,2686.2407117,20,1770007320000
BLURUSDT,0.02247,0.02249,0.02251,0.02247,4994.68089,170757.0,3840.50279,104,1770007320000
SUIUSDT,1.1086,1.1094,1.1103,1.1086,112797.12576,59399.7,65895.18555,687,1770007320000
EDUUSDT,0.1538,0.1539,0.154,0.1537,939.0988,3489.0,536.9749,30,1770007320000
1000PEPEUSDT,0.0041716,0.0041778,0.0041831,0.0041716,206277.1760927,25258399.0,105535.0174711,1810,1770007320000
1000FLOKIUSDT,0.03436,0.03439,0.03442,0.03436,5942.98306,94882.0,3262.2761,101,1770007320000
UMAUSDT,0.5629,0.5632,0.564,0.5629,1426.8103,1224.0,689.8237,55,1770007320000
MOODENGUSDT,0.0534,0.05345,0.0535,0.0534,2594.15526,16927.0,904.88002,143,1770007320000
MAVUSDT,0.02013,0.02013,0.02014,0.02012,407.56404,6625.0,133.41676,27,1770007320000
NMRUSDT,8.892,8.904,8.908,8.891,1470.7009,93.3,830.5342,102,1770007320000
XVGUSDT,0.005552,0.005545,0.005562,0.005542,18093.805694,392683.0,2179.046208,288,1770007320000
WLDUSDT,0.4004,0.4011,0.4013,0.4004,33274.8346,50234.0,20138.3653,392,1770007320000
AGLDUSDT,0.2348,0.235,0.2351,0.2348,277.0513,708.0,166.395,23,1770007320000
PENDLEUSDT,1.5765,1.5784,1.5794,1.5765,6915.1714,3412.0,5383.9885,346,1770007320000
ARKMUSDT,0.131,0.1312,0.1312,0.131,1982.4658,9718.0,1273.9796,52,1770007320000
DODOXUSDT,0.017067,0.017051,0.017072,0.01705,156.786589,5390.0,91.989035,11,1770007320000
OXTUSDT,0.01915,0.01918,0.01918,0.01915,132.6535,5108.0,97.92299,11,1770007320000
BNTUSDT,0.3212,0.3216,0.3216,0.3212,285.4356,638.0,205.1289,18,1770007320000
SEIUSDT,0.0857,0.0858,0.0859,0.0857,91834.4623,894630.0,76793.2414,97,1770007320000
HIPPOUSDT,0.000662,0.000663,0.000663,0.000662,295.072578,253526.0,168.087738,13,1770007320000
BICOUSDT,0.03007,0.03011,0.03017,0.03005,1473.84584,32105.0,967.51824,47,1770007320000
CYBERUSDT,0.5681,0.5684,0.5688,0.5681,511.19034,497.3,282.67572,26,1770007320000
ARKUSDT,0.2144,0.2145,0.2147,0.2144,1424.552,4370.0,937.6375,34,1770007320000
BIGTIMEUSDT,0.01727,0.01729,0.01729,0.01727,349.09283,17852.0,308.46123,18,1770007320000
WAXPUSDT,0.007087,0.007086,0.007092,0.007086,476.991589,13872.0,98.344421,15,1770007320000
YGGUSDT,0.04632,0.04638,0.04641,0.04631,2643.71792,28572.0,1325.00067,74,1770007320000
BSVUSDT,15.25,15.22,15.26,15.14,35799.126,907.8,13789.288,272,1770007320000
RIFUSDT,0.03862,0.03862,0.03865,0.03862,435.89647,4520.0,174.65883,16,1770007320000
KAIAUSDT,0.05519,0.05515,0.05524,0.05515,4638.84222,45360.0,2504.19576,87,1770007320000
POLYXUSDT,0.04777,0.04778,0.04781,0.04777,1142.82713,19455.0,929.86481,33,1770007320000
GASUSDT,1.854,1.853,1.856,1.851,18616.4893,3020.2,5601.5456,184,1770007320000
POWRUSDT,0.07175,0.07176,0.07179,0.07175,510.98321,2803.0,201.15665,19,1770007320000
TIAUSDT,0.3676,0.3682,0.3684,0.3676,8753.6034,12444.0,4580.6682,150,1770007320000
CAKEUSDT,1.5167,1.5181,1.5192,1.5167,2624.6839,698.0,1059.5514,118,1770007320000
MEMEUSDT,0.000826,0.000827,0.000827,0.000826,2983.823211,1468234.0,1213.558286,45,1770007320000
TWTUSDT,0.6686,0.6688,0.6691,0.6686,1788.5127,2136.0,1428.7253,65,1770007320000
ORDIUSDT,3.111,3.118,3.118,3.111,5070.1625,1032.5,3216.5917,137,1770007320000
STEEMUSDT,0.05491,0.05494,0.05498,0.05491,863.88823,4266.0,234.42639,42,1770007320000
DEGOUSDT,0.3545,0.3547,0.3548,0.3545,213.4314,244.1,86.60165,19,1770007320000
ILVUSDT,4.247,4.245,4.25,4.245,1443.9685,295.8,1257.0488,28,1770007320000
KASUSDT,0.0307,0.03072,0.03073,0.03069,1476.34567,25424.0,780.82967,94,1770007320000
BEAMXUSDT,0.002606,0.002607,0.002611,0.002606,561.910829,179140.0,467.266355,31,1770007320000
NTRNUSDT,0.01526,0.01526,0.01529,0.01526,580.78057,25609.0,391.32651,27,1770007320000
1000BONKUSDT,0.007057,0.007067,0.007072,0.007057,10562.983046,1176688.0,8311.645129,159,1770007320000
PYTHUSDT,0.05076,0.0508,0.05083,0.05074,9415.61117,91452.0,4644.04196,182,1770007320000
SUPERUSDT,0.1479,0.148,0.148,0.1479,1411.0251,8465.0,1252.7271,48,1770007320000
USUALUSDT,0.0187,0.01873,0.01873,0.0187,362.92433,8013.0,150.00023,62,1770007320000
USTCUSDT,0.005693,0.005732,0.005735,0.005693,10743.917788,1393619.0,7963.670987,222,1770007320000
ONGUSDT,0.07125,0.07122,0.0713,0.0712,768.83024,6179.0,440.2395,30,1770007320000
ETHWUSDT,0.3908,0.3905,0.3911,0.3903,413.4716,707.0,276.236,14,1770007320000
JTOUSDT,0.2898,0.289,0.2901,0.2887,22161.8143,16228.0,4701.5442,304,1770007320000
AUCTIONUSDT,4.506,4.506,4.512,4.504,2550.76052,390.62,1760.86898,68,1770007320000
1000SATSUSDT,1.27e-05,1.27e-05,1.28e-05,1.27e-05,1944.4910663,133139025.0,1704.17952,61,1770007320000
COTIUSDT,0.01407,0.01408,0.01409,0.01407,767.66785,35571.0,501.1225,28,1770007320000
1000RATSUSDT,0.06281,0.06278,0.06288,0.06274,1623.72942,15139.0,951.49379,25,1770007320000
ACEUSDT,0.2018,0.2018,0.202,0.2017,734.077844,2045.29,412.888793,18,1770007320000
NFPUSDT,0.01928,0.01927,0.01931,0.01927,2181.869026,57243.4,1104.291712,52,1770007320000
BIOUSDT,0.03245,0.03251,0.03254,0.03245,7864.56657,215944.0,7021.39367,122,1770007320000
MOVRUSDT,1.806,1.806,1.806,1.805,54.53136,13.46,24.30876,6,1770007320000
XAIUSDT,0.01183,0.01184,0.01184,0.01183,277.19181,13647.0,161.57088,13,1770007320000
AIUSDT,0.02694,0.02693,0.02699,0.02692,301.88802,7653.0,206.31094,18,1770007320000
WIFUSDT,0.252,0.2523,0.2525,0.252,36891.17916,82428.4,20801.99337,308,1770007320000
ONDOUSDT,0.2764,0.2767,0.2769,0.2764,16252.59408,29826.7,8254.26867,165,1770007320000
MANTAUSDT,0.0746,0.07458,0.07472,0.07456,1314.427348,6052.9,451.865465,86,1770007320000
SOLVUSDT,0.00936,0.00937,0.00937,0.00936,104.82161,2705.0,25.34585,12,1770007320000
LSKUSDT,0.1448,0.1449,0.145,0.1448,615.3935,3908.0,566.1377,16,1770007320000
ALTUSDT,0.00935,0.00936,0.00936,0.00935,2225.55737,213641.0,1999.67976,72,1770007320000
JUPUSDT,0.1908,0.1911,0.1916,0.1906,121361.1074,256733.0,49076.6563,708,1770007320000
ZETAUSDT,0.05964,0.05965,0.05972,0.05964,2860.65174,23673.0,1413.56326,27,1770007320000
RONINUSDT,0.1075,0.1076,0.1078,0.1075,911.21698,6824.2,734.40866,36,1770007320000
DYMUSDT,0.04655,0.04658,0.04661,0.04655,380.661689,920.9,42.898858,30,1770007320000
OMUSDT,0.05021,0.05029,0.05031,0.05021,5685.398225,57742.8,2903.016578,219,1770007320000
PIXELUSDT,0.00633,0.00632,0.00633,0.00632,262.84058,7657.0,48.46881,9,1770007320000
PIPPINUSDT,0.18778,0.18764,0.188,0.18744,72488.16613,185588.0,34859.22096,1281,1770007320000
STRKUSDT,0.0554,0.0555,0.0556,0.0554,17012.28449,216434.6,12012.13934,99,1770007320000
TONUSDT,1.3424,1.3438,1.345,1.3424,21135.00523,5989.0,8047.50178,267,1770007320000
GLMUSDT,0.20693,0.20684,0.20697,0.20678,687.42201,1095.0,226.51905,24,1770007320000
UNIUSDT,3.856,3.86,3.861,3.856,32086.892,3513.0,13558.375,183,1770007320000
AXLUSDT,0.0625,0.0626,0.0627,0.0625,8354.29312,103876.6,6502.69022,66,1770007320000
AEVOUSDT,0.02849,0.02853,0.02854,0.02849,443.430706,12219.8,348.598759,19,1770007320000
BOMEUSDT,0.0004762,0.0004772,0.0004777,0.0004762,3483.4855901,4389984.0,2093.6381345,139,1770007320000
VANRYUSDT,0.006429,0.006429,0.006431,0.006427,347.542346,10889.0,70.012889,15,1770007320000
ENAUSDT,0.1379,0.138,0.1381,0.1378,79258.6367,284582.0,39283.1694,310,1770007320000
WUSDT,0.02308,0.02311,0.02312,0.02308,3345.113257,43116.9,995.962715,80,1770007320000
TNSRUSDT,0.04962,0.04964,0.04968,0.04962,1378.279049,18454.4,916.478436,171,1770007320000
TAOUSDT,190.83,190.96,191.18,190.83,45010.70325,182.998,34952.23258,350,1770007320000
BBUSDT,0.03664,0.03667,0.0367,0.03664,1531.15989,19565.0,717.49749,48,1770007320000
TURBOUSDT,0.0012037,0.0012052,0.0012062,0.0012037,4341.5839984,1994424.0,2403.3562767,239,1770007320000
MUBARAKUSDT,0.01598,0.01599,0.016,0.01597,568.95284,29531.0,471.95366,61,1770007320000
ZKUSDT,0.0263,0.02632,0.02647,0.02629,237209.52871,5805998.0,153281.08292,1321,1770007320000
REZUSDT,0.003672,0.003669,0.003673,0.003668,1291.247085,49928.0,183.30692,44,1770007320000
NOTUSDT,0.0004491,0.0004498,0.0004501,0.0004491,1180.9219136,1227455.0,552.0197614,55,1770007320000
MEWUSDT,0.000702,0.000703,0.000704,0.000702,1211.462195,1479752.0,1040.332828,20,1770007320000
ZROUSDT,1.7766,1.786,1.7879,1.7766,111671.55799,46978.7,83772.82527,987,1770007320000
IOUSDT,0.1239,0.124,0.1241,0.1239,1250.36864,4447.7,551.50185,41,1770007320000
RENDERUSDT,1.524,1.526,1.526,1.524,11581.3983,4141.3,6314.9464,107,1770007320000
BANANAUSDT,4.73,4.73,4.735,4.727,734.8917,71.3,337.4696,45,1770007320000
RAREUSDT,0.02096,0.02098,0.02099,0.02096,737.743,26908.0,564.56851,22,1770007320000
GUSDT,0.003723,0.003723,0.003728,0.003721,785.154957,156581.0,583.479764,28,1770007320000
SYNUSDT,0.0767,0.07674,0.07676,0.07663,2908.39368,16505.0,1266.24726,114,1770007320000
PLUMEUSDT,0.01191,0.01193,0.01193,0.01191,1973.41534,99885.0,1191.24077,49,1770007320000
BRETTUSDT,0.00949,0.00951,0.00951,0.00949,665.08149,55248.0,525.29726,18,1770007320000
WALUSDT,0.0914,0.0914,0.0915,0.0913,4618.4633,21332.0,1949.8688,82,1770007320000
POPCATUSDT,0.0552,0.0553,0.0553,0.0552,1484.7594,25686.0,1420.3776,29,1770007320000
MLNUSDT,3.782,3.777,3.782,3.777,155.75335,14.61,55.25502,11,1770007320000
DOGSUSDT,3.08e-05,3.07e-05,3.09e-05,3.07e-05,4492.683211,56271087.0,1733.2633301,47,1770007320000
CHESSUSDT,0.0247,0.02469,0.02471,0.02469,51.45576,903.0,22.31011,8,1770007320000
MBOXUSDT,0.02355,0.02355,0.02357,0.02352,1590.74362,57432.0,1353.08118,22,1770007320000
RPLUSDT,1.771,1.772,1.772,1.771,254.887,134.4,238.0625,14,1770007320000
FLUXUSDT,0.0809,0.081,0.0811,0.0809,363.5199,3489.0,282.6398,14,1770007320000
POLUSDT,0.10326,0.10337,0.10347,0.10326,8507.87889,37694.0,3897.48086,213,1770007320000
FIDAUSDT,0.02124,0.02124,0.02126,0.02124,298.30736,8301.0,176.37459,30,1770007320000
NEIROUSDT,8.63e-05,8.64e-05,8.65e-05,8.63e-05,6523.2976163,47541643.0,4107.7641251,95,1770007320000
FIOUSDT,0.0098,0.0098,0.0098,0.0098,71.7752,643.0,6.3014,9,1770007320000
KERNELUSDT,0.05921,0.05927,0.05928,0.05921,461.86237,5990.0,354.96469,29,1770007320000
GHSTUSDT,0.1481,0.148,0.1482,0.148,119.9172,77.0,11.4073,9,1770007320000
1000CATUSDT,0.002083,0.002083,0.002086,0.002083,451.280857,126657.0,264.111126,12,1770007320000
DIAUSDT,0.2239,0.224,0.224,0.2238,76.8068,189.0,42.3231,9,1770007320000
EIGENUSDT,0.2554,0.2559,0.2561,0.2554,18745.54036,35761.6,9150.2236,222,1770007320000
COSUSDT,0.0011,0.001102,0.001102,0.0011,873.12785,199434.0,219.587022,37,1770007320000
GOATUSDT,0.02539,0.02542,0.02542,0.02539,475.21664,16139.0,410.09081,17,1770007320000
SAFEUSDT,0.1203,0.1205,0.1205,0.1203,1693.7119,8228.0,990.6677,18,1770007320000
COWUSDT,0.1599,0.16,0.1601,0.1599,196.1519,798.0,127.6861,17,1770007320000
SANTOSUSDT,2.026,2.026,2.027,2.026,27.761,9.6,19.4544,4,1770007320000
SCRUSDT,0.06132,0.06128,0.06132,0.06127,377.34386,169.0,10.36059,18,1770007320000
CETUSUSDT,0.01807,0.0181,0.01812,0.01806,1017.38444,41184.0,745.48885,26,1770007320000
1000000MOGUSDT,0.1877,0.1881,0.1883,0.1877,3306.7517,13165.7,2475.04482,19,1770007320000
ASRUSDT,1.426,1.426,1.426,1.425,608.4575,355.4,506.8004,10,1770007320000
GRASSUSDT,0.2114,0.2114,0.2116,0.2114,352.64993,1339.1,283.20254,29,1770007320000
DRIFTUSDT,0.1078,0.1079,0.1079,0.1077,663.4507,2581.0,278.2963,24,1770007320000
ACTUSDT,0.01513,0.01515,0.01516,0.01513,918.61888,38490.0,583.04735,40,1770007320000
DEGENUSDT,0.0008,0.000799,0.0008,0.000799,933.779569,1058611.0,846.8888,11,1770007320000
BANUSDT,0.07147,0.07154,0.07157,0.07146,322.84113,4060.0,290.45068,16,1770007320000
PNUTUSDT,0.05689,0.05696,0.05701,0.05689,3468.90719,31938.0,1819.30924,136,1770007320000
AKTUSDT,0.3558,0.3559,0.3563,0.3558,1587.74118,3329.7,1185.65572,25,1770007320000
1000CHEEMSUSDT,0.0006499,0.0006496,0.0006509,0.0006494,3973.6550249,3128899.0,2035.1691648,91,1770007320000
SCRTUSDT,0.1197,0.1199,0.12,0.1197,379.6581,2116.0,253.6283,31,1770007320000
1000WHYUSDT,1.28e-05,1.28e-05,1.29e-05,1.28e-05,46.4682754,11010.0,0.142029,11,1770007320000
MORPHOUSDT,1.1154,1.1159,1.1168,1.1153,3218.20637,1564.1,1745.62454,218,1770007320000
THEUSDT,0.2189,0.2186,0.2189,0.2186,1425.95633,1530.1,334.74855,26,1770007320000
AEROUSDT,0.3826,0.3828,0.3832,0.3826,4790.3706,4602.3,1762.40051,173,1770007320000
CHILLGUYUSDT,0.01184,0.01187,0.01187,0.01184,200.04333,4753.0,56.3634,12,1770007320000
ACXUSDT,0.04017,0.04022,0.04026,0.04017,304.82409,3594.8,144.588728,20,1770007320000
ORCAUSDT,0.876,0.875,0.876,0.875,3387.4864,3594.5,3148.782,51,1770007320000
KOMAUSDT,0.00764,0.00764,0.00764,0.00763,298.80787,29613.0,226.24332,9,1770007320000
VIRTUALUSDT,0.63,0.6315,0.6321,0.6299,41953.17441,62401.0,39388.81858,332,1770007320000
MOVEUSDT,0.0257,0.02573,0.02575,0.0257,3924.58515,101836.0,2620.57495,133,1770007320000
SPXUSDT,0.2985,0.2982,0.2991,0.2982,10665.6739,10658.0,3185.0792,168,1770007320000
MEUSDT,0.1587,0.159,0.1591,0.1587,4319.25612,24954.7,3967.77238,66,1770007320000
RAYSOLUSDT,0.6875,0.6878,0.6886,0.6873,4975.58772,3855.4,2652.75796,94,1770007320000
AVAUSDT,0.2697,0.2696,0.2698,0.2692,3410.37607,3145.3,847.27581,51,1770007320000
VELODROMEUSDT,0.01606,0.01606,0.01609,0.01606,337.88678,6845.0,110.02182,22,1770007320000
MOCAUSDT,0.01751,0.01749,0.01753,0.01749,547.11856,30592.0,536.04739,9,1770007320000
VANAUSDT,1.786,1.786,1.787,1.786,1342.39175,471.49,842.51627,35,1770007320000
PENGUUSDT,0.00759,0.007596,0.007605,0.00759,22772.119088,2414818.0,18342.645885,372,1770007320000
LUMIAUSDT,0.0791,0.0792,0.0792,0.0791,79.72899,515.6,40.83552,6,1770007320000
FARTCOINUSDT,0.2227,0.2229,0.2232,0.2227,39535.04539,74004.4,16502.32021,286,1770007320000
AIXBTUSDT,0.02425,0.02427,0.02429,0.02424,6177.15082,166146.0,4032.26819,135,1770007320000
CGPTUSDT,0.02416,0.02417,0.02421,0.02416,2250.87239,72554.0,1755.41197,60,1770007320000
NEWTUSDT,0.0854,0.0854,0.0855,0.0854,122.4783,906.0,77.3871,14,1770007320000
HIVEUSDT,0.0801,0.08012,0.08018,0.0801,881.80115,6292.0,504.35393,27,1770007320000
KMNOUSDT,0.0345,0.03451,0.03451,0.0345,301.88103,7767.0,267.99221,14,1770007320000
DEXEUSDT,2.477,2.477,2.479,2.477,439.00763,138.57,343.342,28,1770007320000
PHAUSDT,0.0311,0.03116,0.03116,0.0311,331.4762,10383.0,323.34344,12,1770007320000
DFUSDT,0.00946,0.00945,0.00947,0.00945,484.93106,46621.0,441.04526,27,1770007320000
ZEREBROUSDT,0.00902,0.00902,0.00903,0.00902,222.15675,20785.0,187.51093,15,1770007320000
GRIFFAINUSDT,0.01116,0.01116,0.01118,0.01116,251.04145,13265.0,148.18895,14,1770007320000
COOKIEUSDT,0.02308,0.0231,0.02311,0.02307,605.32138,17906.0,413.75456,29,1770007320000
AINUSDT,0.03994,0.03997,0.04002,0.03994,224.09695,4608.0,184.23908,15,1770007320000
ALCHUSDT,0.08845,0.08843,0.0885,0.08842,667.89254,3421.0,302.62706,19,1770007320000
VELVETUSDT,0.11192,0.11196,0.11196,0.11189,63.01605,164.0,18.36144,4,1770007320000
SWARMSUSDT,0.0089,0.00891,0.00892,0.0089,1166.96576,94394.0,841.70564,30,1770007320000
SONICUSDT,0.04569,0.04576,0.04579,0.04569,212.530468,4072.3,186.343061,16,1770007320000
PROMUSDT,1.499,1.499,1.5,1.498,668.6498,229.8,344.5728,28,1770007320000
DUSDT,0.01176,0.01175,0.01177,0.01175,658.23763,18798.0,221.23019,29,1770007320000
SUSDT,0.05082,0.05083,0.05089,0.05082,4226.95611,63788.0,3243.65989,136,1770007320000
ARCUSDT,0.0448,0.04496,0.045,0.04479,15588.47345,236378.0,10617.15578,238,1770007320000
AVAAIUSDT,0.00987,0.00988,0.0099,0.00985,19060.12173,909027.0,8979.13443,229,1770007320000
ESPORTSUSDT,0.45393,0.45404,0.45404,0.45392,104.40643,0.0,0.0,4,1770007320000
TRUMPUSDT,4.153,4.158,4.159,4.153,63063.90983,13721.61,57048.68539,167,1770007320000
A2ZUSDT,0.001097,0.001098,0.001099,0.001097,837.498512,314300.0,345.070766,17,1770007320000
MELANIAUSDT,0.1274,0.1274,0.1276,0.1274,783.953941,454.45,57.946394,73,1770007320000
VTHOUSDT,0.0006521,0.0006516,0.0006525,0.0006516,674.2498471,696704.0,454.4587355,18,1770007320000
ANIMEUSDT,0.005852,0.005857,0.005866,0.005852,3863.121585,367711.0,2155.059937,134,1770007320000
VINEUSDT,0.02103,0.02104,0.02104,0.02103,271.12212,1232.0,25.91232,8,1770007320000
VVVUSDT,2.118,2.12,2.12,2.118,1003.11038,246.83,523.15175,37,1770007320000
CARVUSDT,0.0727,0.0727,0.0728,0.0726,1461.0653,4885.0,355.4248,34,1770007320000
BERAUSDT,0.464,0.4645,0.4647,0.464,22445.25705,26671.6,12388.99167,278,1770007320000
LAYERUSDT,0.1003,0.1004,0.1004,0.1003,2415.46841,4969.8,498.9015,51,1770007320000
TSTUSDT,0.01141,0.01141,0.01142,0.01141,142.51857,3049.0,34.81958,15,1770007320000
B3USDT,0.000625,0.000625,0.000626,0.000624,63.187115,26348.0,16.483153,8,1770007320000
GPSUSDT,0.006822,0.006822,0.006824,0.006818,1127.66044,99585.0,679.328791,55,1770007320000
HEIUSDT,0.1075,0.1076,0.1077,0.1075,361.54869,2753.8,296.32987,28,1770007320000
IPUSDT,1.462,1.462,1.466,1.461,20741.4959,4922.6,7207.2201,275,1770007320000
SHELLUSDT,0.03674,0.03678,0.03684,0.03674,1085.61968,8928.0,328.53671,34,1770007320000
KAITOUSDT,0.3607,0.3611,0.3614,0.3607,7045.98272,6175.1,2229.32966,129,1770007320000
REDUSDT,0.2128,0.2127,0.2128,0.2127,315.1248,1133.0,241.1024,14,1770007320000
VICUSDT,0.0632,0.0632,0.0633,0.0632,125.5718,1198.0,75.8334,11,1770007320000
BMTUSDT,0.01812,0.01814,0.01816,0.01812,730.24154,30936.0,560.90447,59,1770007320000
EPICUSDT,0.4096,0.4098,0.4101,0.4096,318.17236,420.7,172.51524,18,1770007320000
FORMUSDT,0.2446,0.2449,0.2449,0.2445,1429.55616,4707.4,1152.09011,94,1770007320000
BROCCOLI714USDT,0.01563,0.01563,0.01565,0.01562,3117.63894,82948.0,1297.07973,56,1770007320000
TUTUSDT,0.01159,0.01158,0.0116,0.01158,1304.73685,91505.0,1060.56035,22,1770007320000
BROCCOLIF3BUSDT,0.004089,0.00408,0.004089,0.00408,38.678719,4592.0,18.776688,5,1770007320000
SIRENUSDT,0.07704,0.07716,0.07716,0.07704,245.20425,2871.0,221.2252,12,1770007320000
BANANAS31USDT,0.003573,0.003573,0.003575,0.003571,195.065922,43085.0,153.949035,16,1770007320000
OPENUSDT,0.1558,0.1558,0.1559,0.1557,1983.4006,7696.0,1199.7366,40,1770007320000
BRUSDT,0.05666,0.05665,0.05667,0.05665,265.95966,4212.0,238.65436,6,1770007320000
SKYUSDT,0.05989,0.05983,0.0599,0.05978,6111.05793,16607.0,993.94089,169,1770007320000
NILUSDT,0.05042,0.05043,0.05044,0.0504,294.967414,4492.4,226.531646,22,1770007320000
PARTIUSDT,0.07653,0.07697,0.07706,0.07653,8266.27844,87866.0,6738.91267,231,1770007320000
MAVIAUSDT,0.04527,0.04521,0.04527,0.0452,789.73497,1442.0,65.25742,17,1770007320000
JELLYJELLYUSDT,0.05313,0.05319,0.05319,0.05313,164.93208,2166.0,115.14624,8,1770007320000
PAXGUSDT,4704.23,4695.4,4704.23,4693.56,307510.99555,30.583,143633.82319,1087,1770007320000
FUNUSDT,0.001148,0.001148,0.001149,0.001147,1046.465965,644011.0,739.810854,31,1770007320000
GUNUSDT,0.02936,0.02937,0.02942,0.02929,14008.30991,169395.0,4976.3698,299,1770007320000
ATHUSDT,0.0069,0.00691,0.00691,0.0069,394.11992,44732.0,309.09812,18,1770007320000
ASTERUSDT,0.5467,0.5469,0.5479,0.5466,76745.2968,102235.0,55971.2273,455,1770007320000
FORTHUSDT,1.396,1.394,1.399,1.394,1248.7801,680.1,950.3683,46,1770007320000
BLESSUSDT,0.00591,0.00593,0.00593,0.00591,1077.69548,177453.0,1052.26629,21,1770007320000
COAIUSDT,0.2699,0.2699,0.2702,0.2698,2081.2291,2827.0,763.6963,33,1770007320000
PROMPTUSDT,0.0586,0.05854,0.05863,0.05853,406.19823,4198.0,245.85835,44,1770007320000
BABYUSDT,0.01651,0.01653,0.01654,0.01651,283.27847,7151.0,118.19591,19,1770007320000
STOUSDT,0.07808,0.07814,0.07814,0.07808,262.53697,2112.0,164.97235,20,1770007320000
MIRAUSDT,0.1009,0.1009,0.101,0.1009,1637.7933,11692.0,1180.7163,31,1770007320000
WCTUSDT,0.06208,0.06212,0.06216,0.06208,2362.36641,31408.0,1950.90606,67,1770007320000
FHEUSDT,0.15045,0.15072,0.15084,0.15024,14770.87118,29527.0,4447.43301,214,1770007320000
INITUSDT,0.0826,0.0825,0.0826,0.0825,180.5423,1148.0,94.8248,7,1770007320000
AERGOUSDT,0.05455,0.05451,0.05455,0.0545,156.18215,0.0,0.0,62,1770007320000
HYPERUSDT,0.1054,0.1054,0.1055,0.1054,2786.6333,19672.0,2074.9799,41,1770007320000
DEEPUSDT,0.02699,0.027,0.02704,0.02699,4661.99232,57903.0,1564.25468,71,1770007320000
BANKUSDT,0.04478,0.04479,0.04484,0.04477,310.77148,6388.0,286.31672,48,1770007320000
NOMUSDT,0.007009,0.00701,0.007014,0.007003,1907.453937,110961.0,777.804225,112,1770007320000
SIGNUSDT,0.03562,0.03564,0.03566,0.03562,455.30632,7796.0,277.91013,26,1770007320000
JSTUSDT,0.041347,0.041387,0.041387,0.041341,1369.027159,23252.0,962.026897,38,1770007320000
PUNDIXUSDT,0.1816,0.1815,0.1816,0.1815,1903.4339,6279.0,1140.2264,21,1770007320000
CTKUSDT,0.2196,0.2197,0.2197,0.2196,67.4267,307.0,67.4267,7,1770007320000
HAEDALUSDT,0.02949,0.02947,0.0295,0.02947,117.46255,1658.0,48.89981,8,1770007320000
AIOTUSDT,0.0558,0.0559,0.0559,0.0558,146.1634,790.0,44.161,13,1770007320000
GIGGLEUSDT,36.84,36.9,36.93,36.84,6560.0232,110.11,4061.3103,114,1770007320000
DOLOUSDT,0.03494,0.03491,0.03496,0.0349,1040.56819,11259.0,393.29546,47,1770007320000
SXTUSDT,0.02591,0.0259,0.02592,0.02588,480.69572,7710.0,199.72802,35,1770007320000
ALPINEUSDT,0.4393,0.4396,0.4398,0.4393,150.07078,141.5,62.21666,51,1770007320000
SYRUPUSDT,0.29056,0.29065,0.29121,0.29056,4963.78543,9227.0,2684.06728,424,1770007320000
DOODUSDT,0.004229,0.004229,0.004229,0.004227,222.880834,40817.0,172.615093,8,1770007320000
OGUSDT,2.978,2.982,2.986,2.978,1187.3442,289.3,863.1763,35,1770007320000
B2USDT,0.8257,0.8258,0.8261,0.8257,679.0398,771.0,636.9203,10,1770007320000
SKYAIUSDT,0.04081,0.04083,0.04085,0.04079,407.9732,5901.0,240.86797,17,1770007320000
ZKJUSDT,0.0302,0.0302,0.03021,0.0302,366.510155,1697.3,51.25846,6,1770007320000
NXPCUSDT,0.3692,0.3692,0.3695,0.3692,1264.0071,2849.0,1052.3749,60,1770007320000
CVCUSDT,0.03455,0.03457,0.03458,0.03455,358.75129,9007.0,311.43824,16,1770007320000
AGTUSDT,0.003898,0.003905,0.003905,0.003896,1589.801175,333320.0,1300.74034,29,1770007320000
BUSDT,0.1845,0.1845,0.1846,0.1844,287.2366,257.0,47.4341,13,1770007320000
SOONUSDT,0.1921,0.1924,0.1926,0.1921,391.7953,319.0,61.3636,17,1770007320000
HUMAUSDT,0.025087,0.025121,0.025133,0.025087,1633.402689,38772.0,973.67505,134,1770007320000
KITEUSDT,0.14765,0.14725,0.14799,0.14725,20297.85666,42488.0,6273.96438,403,1770007320000
AUSDT,0.0926,0.0926,0.0927,0.0926,2383.564,1318.0,122.0868,16,1770007320000
SOPHUSDT,0.01083,0.010828,0.010844,0.010819,2232.898966,125181.0,1355.827032,115,1770007320000
MERLUSDT,0.05056,0.05037,0.0506,0.05032,23000.00286,213955.0,10786.08391,334,1770007320000
UAIUSDT,0.2085,0.2084,0.2092,0.2079,47833.9084,76734.0,16002.0184,479,1770007320000
HYPEUSDT,31.201,31.14,31.254,31.124,434182.9212,5931.53,184952.65557,1592,1770007320000
PUFFERUSDT,0.03825,0.03822,0.03825,0.03822,82.58168,799.0,30.56042,9,1770007320000
BDXNUSDT,0.01575,0.01573,0.01575,0.01573,76.04173,2996.0,47.16145,9,1770007320000
LAUSDT,0.2372,0.2372,0.2374,0.2371,515.23143,1338.1,317.46947,25,1770007320000
ALLOUSDT,0.0669,0.0669,0.0671,0.0669,702.9069,6309.0,422.8555,28,1770007320000
1000000BOBUSDT,0.01399,0.01399,0.01399,0.01399,110.98267,5475.0,76.59525,8,1770007320000
HOMEUSDT,0.030133,0.030165,0.030204,0.030127,1858.136217,45486.0,1372.774768,43,1770007320000
TAIKOUSDT,0.1432,0.1431,0.1433,0.1431,323.0663,329.0,47.1165,21,1770007320000
RESOLVUSDT,0.0789,0.07884,0.079,0.07882,20504.36605,57264.0,4520.9115,392,1770007320000
SQDUSDT,0.06386,0.06384,0.06388,0.06382,680.36242,2035.0,129.98976,13,1770007320000
PUMPBTCUSDT,0.02028,0.02027,0.02028,0.02026,59.41472,1872.0,37.95938,6,1770007320000
SPKUSDT,0.02089,0.02089,0.0209,0.02087,2894.7226,48742.0,1018.31328,77,1770007320000
POWERUSDT,0.19695,0.19656,0.19695,0.19643,2956.85022,8430.0,1657.306,54,1770007320000
FUSDT,0.005865,0.005845,0.005871,0.005839,9494.803526,501852.0,2934.511917,238,1770007320000
MYXUSDT,5.649,5.659,5.659,5.644,19003.898,2279.0,12877.1,153,1770007320000
HUSDT,0.10745,0.10736,0.10754,0.10727,10585.68359,28699.0,3083.18069,237,1770007320000
OLUSDT,0.01429,0.0143,0.0143,0.01428,127.29932,1861.0,26.60127,10,1770007320000
SAHARAUSDT,0.01824,0.01824,0.01826,0.01823,2714.24896,9497.0,173.29759,94,1770007320000
ICNTUSDT,0.3642,0.3644,0.3645,0.3639,503.9473,1369.0,498.8527,15,1770007320000
IDOLUSDT,0.03387,0.03384,0.03388,0.03384,110.43005,2462.0,83.38949,4,1770007320000
MUSDT,1.2961,1.2973,1.2975,1.2961,609.6407,183.0,237.4067,12,1770007320000
BULLAUSDT,0.0212,0.02091,0.02129,0.02087,82774.32996,1215259.0,25641.12559,1224,1770007320000
PUMPUSDT,0.002499,0.002502,0.002506,0.002499,60755.685734,15060049.0,37706.28295,428,1770007320000
CROSSUSDT,0.11356,0.11351,0.11358,0.1134,895.20487,2544.0,288.8572,26,1770007320000
CUSDT,0.06185,0.06181,0.0619,0.06178,418.01675,6504.0,402.24585,28,1770007320000
FOGOUSDT,0.03427,0.03428,0.03432,0.03427,6211.69124,119874.0,4111.72227,125,1770007320000
TACUSDT,0.004572,0.004572,0.004578,0.00457,363.078052,28239.0,129.192889,15,1770007320000
ERAUSDT,0.1678,0.1678,0.1679,0.1678,1009.5265,3101.0,520.3895,40,1770007320000
SLPUSDT,0.0007254,0.0007263,0.0007263,0.0007254,355.3739285,275522.0,200.0623032,32,1770007320000
AIAUSDT,0.11693,0.11758,0.11766,0.1168,21404.00384,135973.0,15926.0659,257,1770007320000
CVXUSDT,1.765,1.765,1.767,1.761,5578.4808,290.0,512.1815,74,1770007320000
TAUSDT,0.04057,0.04059,0.0406,0.04049,1558.69226,963.0,39.07857,25,1770007320000
PLAYUSDT,0.10071,0.101,0.10109,0.10071,5971.87045,30869.0,3115.94559,123,1770007320000
SPACEUSDT,0.006071,0.006052,0.006075,0.006041,12881.524059,886812.0,5370.223203,305,1770007320000
TREEUSDT,0.0685,0.0686,0.0686,0.0685,1143.3057,16162.0,1108.7132,11,1770007320000
TAGUSDT,0.0003798,0.0003803,0.0003803,0.0003796,53.0267613,2199.0,0.8354552,8,1770007320000
TOWNSUSDT,0.005072,0.005072,0.005078,0.005067,773.206648,74311.0,376.969024,28,1770007320000
NAORISUSDT,0.02304,0.02307,0.02307,0.02302,888.97246,23728.0,546.85248,45,1770007320000
PROVEUSDT,0.3358,0.3357,0.3361,0.3357,957.18501,1422.9,478.12255,45,1770007320000
ALLUSDT,0.5101,0.5105,0.5106,0.5077,50472.8159,32664.0,16627.9106,209,1770007320000
INUSDT,0.0579,0.05773,0.05805,0.05773,18444.30924,86028.0,4986.20371,126,1770007320000
YALAUSDT,0.01053,0.01053,0.01055,0.01053,596.33032,36470.0,384.48002,17,1770007320000
AIOUSDT,0.16467,0.16471,0.1649,0.16467,387.94854,1262.0,207.90886,14,1770007320000
XNYUSDT,0.003499,0.003503,0.003506,0.003499,257.605552,58394.0,204.558748,14,1770007320000
USELESSUSDT,0.046,0.04614,0.04616,0.04599,5836.77696,72126.0,3322.59205,203,1770007320000
SAPIENUSDT,0.10041,0.10047,0.10048,0.10039,1303.04695,7802.0,783.64494,198,1770007320000
XPLUSDT,0.1029,0.1031,0.1031,0.1028,34317.9387,264489.0,27240.1167,183,1770007320000
WLFIUSDT,0.1317,0.1317,0.1318,0.1316,20251.4863,66544.0,8765.0986,186,1770007320000
SOMIUSDT,0.2174,0.2164,0.2176,0.216,60585.3726,86141.0,18682.5662,495,1770007320000
BASUSDT,0.003518,0.003516,0.003525,0.003516,584.580823,97479.0,343.317373,19,1770007320000
DAMUSDT,0.01955,0.01956,0.01956,0.01954,95.01235,2707.0,52.93135,6,1770007320000
BTRUSDT,0.136,0.13609,0.13659,0.13596,19929.52585,51098.0,6969.32702,494,1770007320000
MITOUSDT,0.04989,0.04989,0.04999,0.04989,347.02534,5068.0,253.2187,20,1770007320000
HEMIUSDT,0.01162,0.01162,0.01163,0.01162,377.52931,17248.0,200.42889,16,1770007320000
ARIAUSDT,0.06437,0.06435,0.06437,0.06426,55.514,216.0,13.8996,7,1770007320000
LINEAUSDT,0.004461,0.004464,0.004469,0.004461,4386.576836,486613.0,2172.562115,114,1770007320000
FLOCKUSDT,0.0613,0.0613,0.0613,0.0613,828.776,7712.0,472.7456,17,1770007320000
TAKEUSDT,0.02711,0.02708,0.02711,0.02708,79.0915,1280.0,34.69262,13,1770007320000
HOLOUSDT,0.06708,0.06705,0.06715,0.06701,4387.86773,17724.0,1188.70514,84,1770007320000
QUSDT,0.018724,0.018699,0.018733,0.018693,3782.855519,145387.0,2721.151325,132,1770007320000
PTBUSDT,0.001657,0.001659,0.00166,0.001657,1926.759323,786636.0,1304.560827,37,1770007320000
AVNTUSDT,0.2405,0.2408,0.2408,0.2405,10699.3882,31886.0,7672.405,183,1770007320000
XPINUSDT,0.002296,0.002296,0.002296,0.002296,5.205032,2267.0,5.205032,1,1770007320000
UBUSDT,0.03453,0.03456,0.03456,0.03453,18.92572,160.0,5.52808,5,1770007320000
ZKCUSDT,0.0951,0.0951,0.0952,0.095,2376.5858,7778.0,739.7672,67,1770007320000
TOSHIUSDT,0.0002039,0.0002039,0.000204,0.0002039,567.2489513,1621164.0,330.6865917,18,1770007320000
0GUSDT,0.6228,0.6221,0.623,0.6219,45246.3209,30155.0,18771.034,313,1770007320000
BARDUSDT,0.6759,0.6733,0.6763,0.6728,10981.2395,3202.0,2161.9567,303,1770007320000
STBLUSDT,0.03356,0.03358,0.03358,0.03356,173.34156,4746.0,159.30826,12,1770007320000
TRADOORUSDT,0.793,0.792,0.793,0.792,1687.904,152.0,120.536,19,1770007320000
AKEUSDT,0.0003279,0.0003277,0.0003281,0.0003277,89.7220973,60100.0,19.713016,8,1770007320000
FLUIDUSDT,2.551,2.547,2.551,2.546,442.1974,8.1,20.6349,17,1770007320000
HANAUSDT,0.03167,0.03168,0.03177,0.03166,2572.81202,68381.0,2168.77677,97,1770007320000
LIGHTUSDT,0.3487,0.3489,0.3493,0.3487,2536.1972,5019.0,1751.7424,58,1770007320000
XANUSDT,0.00887,0.00887,0.00887,0.00886,1375.74309,73975.0,656.10857,43,1770007320000
ORDERUSDT,0.06608,0.06604,0.06613,0.06603,695.51963,5286.0,349.42737,52,1770007320000
VFYUSDT,0.02134,0.02136,0.02136,0.02133,60.01495,271.0,5.78856,6,1770007320000
FFUSDT,0.0791,0.07921,0.07921,0.0791,1538.70727,12533.0,992.07466,55,1770007320000
EDENUSDT,0.0411,0.0411,0.04113,0.04109,370.72822,3368.0,138.4919,18,1770007320000
TRUTHUSDT,0.014191,0.0142,0.014207,0.01419,7536.768924,62230.0,883.400568,84,1770007320000
2ZUSDT,0.10963,0.10986,0.10991,0.10963,3721.7456,21457.0,2355.19419,203,1770007320000
LYNUSDT,0.11451,0.11462,0.11462,0.11449,327.1826,1774.0,203.17564,21,1770007320000
EVAAUSDT,0.6568,0.6566,0.6568,0.656,57.0465,27.2,17.85872,8,1770007320000
KGENUSDT,0.22063,0.22059,0.22073,0.22057,241.85593,109.0,24.05753,13,1770007320000
MONUSDT,0.01797,0.018,0.01801,0.01797,4583.21366,83121.0,1495.3321,65,1770007320000
4USDT,0.01182,0.01183,0.01184,0.01182,889.60165,17775.0,210.28422,31,1770007320000
METUSDT,0.2386,0.2386,0.2387,0.2385,2246.8961,7886.0,1881.6537,59,1770007320000
YBUSDT,0.1549,0.1549,0.155,0.1548,865.0788,3826.0,592.6839,42,1770007320000
EULUSDT,1.384,1.384,1.385,1.384,510.8459,166.6,230.5859,17,1770007320000
ENSOUSDT,1.174,1.1727,1.1754,1.1712,28184.70526,9131.3,10714.75361,631,1770007320000
ZORAUSDT,0.02673,0.02679,0.0268,0.02668,78778.77702,1939522.0,51905.16839,818,1770007320000
CLOUSDT,0.1797,0.18,0.1801,0.1797,4114.0839,10274.0,1849.2657,64,1770007320000
RECALLUSDT,0.0628,0.0626,0.0628,0.0626,355.2849,229.0,14.3605,11,1770007320000
ZBTUSDT,0.0745,0.0744,0.0745,0.0744,389.1007,678.0,50.511,17,1770007320000
RIVERUSDT,17.827,17.496,17.836,17.442,636933.7916,12848.2,227255.1873,7364,1770007320000
LABUSDT,0.13421,0.13426,0.13426,0.13419,68.58859,399.0,53.55399,7,1770007320000
RVVUSDT,0.003109,0.003108,0.003115,0.003107,2315.151817,513317.0,1597.174291,94,1770007320000
BLUAIUSDT,0.005469,0.005459,0.005476,0.005446,3458.614228,228486.0,1248.04484,96,1770007320000
币安人生USDT,0.1224,0.12251,0.12268,0.1223,19394.66503,82238.0,10080.04802,294,1770007320000
TURTLEUSDT,0.05023,0.05019,0.05027,0.05019,530.95918,2306.0,115.85448,26,1770007320000
APRUSDT,0.08153,0.08151,0.08153,0.0815,52.2466,0.0,0.0,4,1770007320000
ONUSDT,0.07547,0.07544,0.07547,0.07536,155.17929,567.0,42.77925,9,1770007320000
ATUSDT,0.16419,0.16394,0.16421,0.16377,16325.35566,19714.0,3234.30043,299,1770007320000
MMTUSDT,0.1627,0.1628,0.1629,0.1627,2422.3499,6847.0,1115.0363,50,1770007320000
CCUSDT,0.1868,0.18622,0.18687,0.18611,28574.71059,95584.0,17823.04923,411,1770007320000
TRUSTUSDT,0.0829,0.0829,0.083,0.0829,1604.4591,7255.0,601.7224,44,1770007320000
FOLKSUSDT,1.566,1.566,1.568,1.564,4934.4507,2074.2,3249.8188,91,1770007320000
STABLEUSDT,0.026511,0.026384,0.026513,0.026353,66915.80866,653442.0,17257.202642,1567,1770007320000
JCTUSDT,0.001434,0.001435,0.001436,0.001434,624.087294,371997.0,534.179086,6,1770007320000
CLANKERUSDT,34.69,34.91,34.91,34.69,19987.9446,416.8,14506.3376,473,1770007320000
BEATUSDT,0.1895,0.1882,0.1895,0.1879,14318.5858,16568.0,3122.6394,204,1770007320000
PIEVERSEUSDT,0.4256,0.4251,0.4256,0.4251,1033.9785,323.0,137.3806,27,1770007320000
SENTUSDT,0.0341,0.03404,0.03413,0.03401,81970.71783,933427.0,31785.12119,728,1770007320000
BOBUSDT,0.007583,0.007581,0.007592,0.007581,179.587741,20999.0,159.297093,11,1770007320000
IRYSUSDT,0.050982,0.051025,0.051172,0.050304,83642.293274,564901.0,28692.071741,924,1770007320000
RLSUSDT,0.006467,0.006468,0.006477,0.006465,1092.140781,47048.0,304.539708,109,1770007320000
WETUSDT,0.08352,0.08358,0.08368,0.08348,5998.68488,39737.0,3321.4021,108,1770007320000
USUSDT,0.00672,0.00672,0.00672,0.00672,956.65248,140245.0,942.4464,10,1770007320000
NIGHTUSDT,0.04781,0.04793,0.04793,0.04781,4964.69774,57738.0,2763.81582,77,1770007320000
CYSUSDT,0.3489,0.3523,0.3525,0.3411,363574.743,530963.0,183981.9501,4653,1770007320000
ZKPUSDT,0.09154,0.09155,0.09179,0.09143,43247.37673,237514.0,21746.84753,687,1770007320000
GUAUSDT,0.16244,0.16247,0.16251,0.16244,276.23074,918.0,149.17524,10,1770007320000
IRUSDT,0.06178,0.06175,0.0618,0.06175,207.26014,869.0,53.70418,7,1770007320000
LITUSDT,1.596,1.596,1.598,1.595,28119.8185,15622.4,24949.5274,127,1770007320000
RAVEUSDT,0.34255,0.34287,0.34314,0.34245,1991.21898,4114.0,1409.91267,69,1770007320000
BREVUSDT,0.1565,0.1566,0.1567,0.1565,5859.2644,15860.0,2483.4753,80,1770007320000
COLLECTUSDT,0.03516,0.03508,0.03533,0.03505,12048.69383,93002.0,3275.43543,305,1770007320000
ZAMAUSDT,0.0455,0.0448,0.0456,0.0447,249508.457,378994.0,17173.4961,581,1770007320000
MAGMAUSDT,0.09797,0.0981,0.09814,0.09766,7957.52163,38050.0,3726.59482,103,1770007320000
SPORTFUNUSDT,0.03656,0.03655,0.03659,0.03654,774.89356,18876.0,690.50338,17,1770007320000
FRAXUSDT,0.794,0.7951,0.7952,0.7939,1573.9264,1176.0,934.4626,71,1770007320000
ELSAUSDT,0.09011,0.09023,0.09033,0.0901,11224.59181,89139.0,8046.26235,213,1770007320000
我踏马来了USDT,0.042838,0.042908,0.042959,0.042704,116677.012392,1406472.0,60265.941171,1645,1770007320000
BIRBUSDT,0.23156,0.23215,0.23242,0.23104,44377.15247,121710.0,28205.48805,983,1770007320000
SKRUSDT,0.018262,0.018311,0.018341,0.018249,57005.711514,2105128.0,38534.424296,1418,1770007320000
ACUUSDT,0.17457,0.1746,0.17466,0.17421,7080.84247,15788.0,2755.02876,246,1770007320000
FIGHTUSDT,0.005647,0.005681,0.005703,0.005644,35131.592085,3721872.0,21100.79575,575,1770007320000
GWEIUSDT,0.033977,0.033758,0.033985,0.033666,26236.081657,241851.0,8172.332378,483,1770007320000
INXUSDT,0.013493,0.013548,0.013557,0.01345,43236.310718,919543.0,12430.87174,477,1770007320000
MEGAUSDT,0.14582,0.14559,0.146,0.14556,970.56937,2281.0,332.87601,91,1770007320000
AWEUSDT,0.05624,0.05623,0.05633,0.05623,605.74387,6269.0,352.80148,25,1770007320000
