symbol,open,close,high,low,quote_volume,taker_buy_base_volume,taker_buy_quote_volume,trades,open_time
ETCUSDT,9.596,9.634,9.637,9.592,67241.2453,4090.24,39340.58192,410,1770006540000
ATOMUSDT,1.943,1.949,1.95,1.942,43021.93875,15278.7,29719.97069,215,1770006540000
CTSIUSDT,0.0278,0.0279,0.028,0.0278,2061.6271,72027.0,2009.7538,28,1770006540000
STORJUSDT,0.1074,0.1077,0.1077,0.1074,5341.7528,43603.0,4690.694,32,1770006540000
SANDUSDT,0.1005,0.10086,0.10092,0.10044,30410.8396,220267.0,22187.84437,544,1770006540000
PEOPLEUSDT,0.00757,0.0076,0.0076,0.00756,8211.5369,457986.0,3472.37594,91,1770006540000
OGNUSDT,0.0237,0.0238,0.0238,0.0237,1618.7719,67239.0,1600.2882,34,1770006540000
ONTUSDT,0.0506,0.0507,0.0507,0.0506,1309.4251,25848.8,1309.4251,14,1770006540000
1000SHIBUSDT,0.006742,0.00677,0.006771,0.006741,112487.131393,11370048.0,76804.083426,586,1770006540000
BCHUSDT,513.38,515.75,516.51,513.37,560846.17752,884.817,456274.47061,1501,1770006540000
1INCHUSDT,0.1144,0.1148,0.1148,0.1144,9612.4331,43833.0,5021.0778,62,1770006540000
ZECUSDT,300.81,302.4,302.5,300.79,989763.45894,2707.725,817515.42357,2104,1770006540000
DOGEUSDT,0.10423,0.1046,0.10466,0.10421,463862.24892,3569493.0,372712.61762,2452,1770006540000
ENJUSDT,0.02401,0.02409,0.0241,0.024,1144.54912,39813.0,957.75062,31,1770006540000
THETAUSDT,0.215,0.2158,0.216,0.215,9940.97108,23431.0,5048.46602,116,1770006540000
DASHUSDT,44.45,44.55,44.6,44.4,119071.08029,1819.365,80910.86933,630,1770006540000
XTZUSDT,0.464,0.465,0.465,0.464,14556.2135,13470.9,6258.893,89,1770006540000
RVNUSDT,0.00608,0.00609,0.00609,0.00607,869.87637,139820.0,851.3628,12,1770006540000
GTCUSDT,0.107,0.108,0.108,0.107,319.0123,1586.1,171.2988,7,1770006540000
XMRUSDT,402.8,405.03,405.04,402.8,145334.69724,267.721,108165.04008,931,1770006540000
BANDUSDT,0.2488,0.2496,0.2496,0.2486,2909.63219,7488.7,1866.40352,53,1770006540000
SFPUSDT,0.2947,0.2956,0.2958,0.2946,3053.7254,9942.0,2934.5011,88,1770006540000
FILUSDT,1.048,1.052,1.052,1.047,176573.7475,88366.8,92741.539,383,1770006540000
ROSEUSDT,0.01746,0.01747,0.01749,0.01744,13854.66703,504304.0,8808.93896,290,1770006540000
ZILUSDT,0.00406,0.00407,0.00407,0.00406,2006.09301,343711.0,1398.90377,26,1770006540000
ANKRUSDT,0.004996,0.005008,0.005013,0.004996,964.400008,137097.0,686.288854,32,1770006540000
LPTUSDT,2.576,2.585,2.586,2.576,5226.5388,1706.5,4403.98,131,1770006540000
QTUMUSDT,1.064,1.068,1.069,1.064,3816.9176,2552.3,2723.1429,36,1770006540000
IMXUSDT,0.1816,0.1822,0.1822,0.1814,21724.6142,108462.0,19745.7893,114,1770006540000
ZENUSDT,7.11,7.141,7.145,7.104,17364.3963,1662.9,11848.9796,308,1770006540000
KSMUSDT,5.417,5.44,5.44,5.413,4339.9425,752.3,4083.7668,88,1770006540000
ALICEUSDT,0.131,0.131,0.132,0.131,674.2644,531.4,70.1448,12,1770006540000
GMTUSDT,0.0136,0.01363,0.01363,0.01357,6091.45409,312359.0,4250.34321,80,1770006540000
RUNEUSDT,0.4603,0.4621,0.4622,0.4603,8809.9608,14658.0,6756.6201,111,1770006540000
BATUSDT,0.126,0.1264,0.1265,0.1259,8876.04556,66035.3,8338.91759,68,1770006540000
ADAUSDT,0.2876,0.2887,0.2889,0.2874,240322.6792,472338.0,136057.5026,674,1770006540000
VETUSDT,0.008285,0.008315,0.008317,0.008279,10070.347728,886297.0,7358.988297,213,1770006540000
GRTUSDT,0.02999,0.03011,0.03011,0.02998,11370.59558,261158.0,7848.11637,141,1770006540000
DENTUSDT,0.000159,0.000159,0.00016,0.000159,178.852095,350586.0,56.09376,12,1770006540000
LRCUSDT,0.04065,0.04078,0.04082,0.04062,6682.98391,93715.0,3816.6382,126,1770006540000
NEARUSDT,1.185,1.19,1.19,1.184,104037.618,42632.0,50583.628,247,1770006540000
MTLUSDT,0.3044,0.3052,0.3056,0.3044,1066.2752,2200.0,671.2895,25,1770006540000
YFIUSDT,2806.0,2817.0,2818.0,2806.0,6809.289,1.714,4819.668,83,1770006540000
COTIUSDT,0.01414,0.01418,0.01419,0.01413,3029.60722,132831.0,1882.05736,69,1770006540000
EGLDUSDT,4.672,4.691,4.693,4.667,10481.9771,1055.7,4941.6011,204,1770006540000
TRXUSDT,0.283,0.28315,0.28316,0.28295,86390.43516,205615.0,58191.85456,292,1770006540000
CHRUSDT,0.0298,0.03,0.03,0.0298,1060.3199,34011.0,1016.9924,14,1770006540000
SKLUSDT,0.00759,0.00762,0.00762,0.00759,1817.04956,193630.0,1471.09313,61,1770006540000
APEUSDT,0.1462,0.1467,0.1468,0.1461,17218.0352,68230.0,9995.0795,185,1770006540000
ATAUSDT,0.014,0.014,0.014,0.0139,1042.7525,67050.0,938.7,18,1770006540000
HOTUSDT,0.000411,0.000412,0.000412,0.000411,856.919472,1968970.0,811.21564,18,1770006540000
SUSHIUSDT,0.2375,0.2383,0.2384,0.2374,3677.4338,13511.0,3216.3713,67,1770006540000
BTCUSDT,76211.9,76440.8,76461.7,76211.8,22183023.4423,229.933,17558027.7992,9254,1770006540000
COMPUSDT,19.58,19.65,19.65,19.57,14322.55234,544.471,10674.52093,116,1770006540000
NEOUSDT,3.151,3.163,3.163,3.149,20200.96623,5650.67,17824.47413,209,1770006540000
XRPUSDT,1.5882,1.5933,1.5942,1.5882,960479.59114,345280.5,549086.36861,2736,1770006540000
ZRXUSDT,0.1074,0.1078,0.1078,0.1074,5808.34574,44016.5,4738.64174,51,1770006540000
LTCUSDT,58.45,58.66,58.69,58.45,196047.61815,2050.439,120064.37385,518,1770006540000
IOTAUSDT,0.0714,0.0715,0.0715,0.0713,4103.12341,55710.3,3980.08813,25,1770006540000
NKNUSDT,0.01008,0.01012,0.01012,0.01008,1032.83019,64503.0,651.65076,21,1770006540000
ALGOUSDT,0.1019,0.1022,0.1022,0.1018,19032.42042,135467.6,13811.52542,158,1770006540000
AVAXUSDT,9.934,9.971,9.978,9.932,171759.655,12484.0,124288.685,831,1770006540000
DOTUSDT,1.508,1.514,1.514,1.507,203756.0761,95819.2,144858.8614,353,1770006540000
UNIUSDT,3.854,3.872,3.874,3.853,83720.132,12712.0,49121.393,355,1770006540000
RLCUSDT,0.5022,0.504,0.504,0.5021,1503.271,2771.3,1393.42449,35,1770006540000
LINKUSDT,9.429,9.464,9.469,9.428,264092.60871,16419.82,155107.60431,1017,1770006540000
FLOWUSDT,0.0568,0.05692,0.05695,0.0566,35493.668485,282095.2,16017.881951,944,1770006540000
BELUSDT,0.1106,0.111,0.1111,0.1106,1523.3516,8957.0,993.5842,30,1770006540000
CRVUSDT,0.279,0.28,0.28,0.278,50020.8363,112026.4,31256.3264,128,1770006540000
DUSKUSDT,0.10176,0.10149,0.1018,0.10115,31037.20843,129588.0,13149.22765,551,1770006540000
CHZUSDT,0.04634,0.04661,0.04661,0.04632,83006.43415,1313067.0,61057.11027,754,1770006540000
IOSTUSDT,0.001374,0.001376,0.001377,0.001372,1295.076426,785675.0,1080.36981,34,1770006540000
DYDXUSDT,0.132,0.133,0.133,0.132,409.9995,1287.9,171.2907,11,1770006540000
HBARUSDT,0.08935,0.0897,0.08971,0.08931,52804.56735,394773.0,35354.97538,460,1770006540000
MANAUSDT,0.1128,0.1132,0.1132,0.1128,17031.5121,95732.0,10821.3009,113,1770006540000
BTCDOMUSDT,5042.4,5039.8,5043.6,5039.4,7754.5409,0.798,4023.5988,145,1770006540000
ENSUSDT,6.871,6.896,6.901,6.868,10533.7739,999.4,6880.672,197,1770006540000
KAVAUSDT,0.0629,0.0631,0.0631,0.0628,1191.60319,18605.7,1172.44291,28,1770006540000
SNXUSDT,0.339,0.34,0.34,0.339,2952.8016,8586.6,2919.444,16,1770006540000
IOTXUSDT,0.00634,0.00636,0.00636,0.00634,2037.22596,317442.0,2017.23846,81,1770006540000
AAVEUSDT,125.88,126.38,126.43,125.84,74478.786,448.0,56499.575,697,1770006540000
ARPAUSDT,0.01146,0.01149,0.01149,0.01146,3245.3979,154795.0,1776.09299,60,1770006540000
CELRUSDT,0.0029,0.00292,0.00292,0.0029,818.38605,246631.0,718.02837,37,1770006540000
1000XECUSDT,0.00882,0.00884,0.00884,0.00882,148.46852,14290.0,126.19172,9,1770006540000
AXSUSDT,1.77,1.774,1.776,1.761,416538.638,110129.0,194730.082,1467,1770006540000
C98USDT,0.0189,0.019,0.019,0.0189,7755.5055,370315.0,7035.985,63,1770006540000
RSRUSDT,0.001818,0.001823,0.001825,0.001818,4418.08733,1266304.0,2307.597718,73,1770006540000
KNCUSDT,0.1719,0.1723,0.1723,0.1718,1438.3707,1970.0,339.0533,54,1770006540000
MASKUSDT,0.5224,0.5242,0.5244,0.5221,9939.7941,12098.0,6329.929,177,1770006540000
API3USDT,0.3296,0.3309,0.3309,0.3295,2330.97173,6090.6,2012.7051,56,1770006540000
SOLUSDT,100.79,101.23,101.28,100.79,2531856.9026,16095.16,1625695.9102,3359,1770006540000
TRBUSDT,16.179,16.224,16.228,16.166,18483.9569,526.4,8528.9472,528,1770006540000
ONEUSDT,0.00288,0.00289,0.0029,0.00288,2679.22989,921943.0,2658.61786,26,1770006540000
GALAUSDT,0.00476,0.00477,0.00477,0.00475,47962.61886,6731262.0,32084.30946,132,1770006540000
XLMUSDT,0.17435,0.17502,0.17512,0.17432,56069.77855,265012.0,46310.47414,470,1770006540000
ARUSDT,2.502,2.511,2.512,2.498,13171.0135,3411.6,8548.9939,142,1770006540000
CELOUSDT,0.093,0.093,0.094,0.093,298.5099,2211.9,207.9186,5,1770006540000
ICXUSDT,0.0442,0.0443,0.0443,0.0442,1409.0846,30384.0,1346.0112,10,1770006540000
WOOUSDT,0.01946,0.01953,0.01953,0.01944,1963.43131,91777.0,1789.18109,32,1770006540000
JASMYUSDT,0.005794,0.005811,0.00582,0.005787,15748.404053,1550248.0,8998.970888,318,1770006540000
OPUSDT,0.231,0.2319,0.2321,0.2309,49755.29224,148826.5,34446.14462,321,1770006540000
INJUSDT,3.603,3.619,3.621,3.602,24884.058,6256.0,22596.9445,218,1770006540000
STGUSDT,0.1536,0.1536,0.1537,0.153,13219.8725,65066.0,9979.8599,151,1770006540000
TONUSDT,1.3424,1.346,1.3463,1.3415,20966.58802,12092.8,16254.64498,360,1770006540000
SPELLUSDT,0.0002091,0.0002098,0.0002098,0.0002091,729.9646525,3254766.0,681.1698861,19,1770006540000
1000LUNCUSDT,0.0378,0.03797,0.03799,0.0378,20579.19707,407510.0,15449.75593,291,1770006540000
LUNA2USDT,0.06713,0.06735,0.06738,0.06713,12821.2649,143408.0,9645.89776,287,1770006540000
BOMEUSDT,0.0004761,0.0004783,0.0004785,0.0004755,9721.6779015,15060030.0,7179.0337059,244,1770006540000
LDOUSDT,0.4179,0.4195,0.4197,0.4177,26289.0965,47215.0,19774.6683,296,1770006540000
APTUSDT,1.2557,1.2605,1.2614,1.2548,52401.62455,31553.2,39688.68338,566,1770006540000
ICPUSDT,2.666,2.677,2.678,2.665,49992.84,14169.0,37849.784,269,1770006540000
FETUSDT,0.1826,0.1833,0.1834,0.1825,28522.6767,74842.0,13690.7618,194,1770006540000
HOOKUSDT,0.03006,0.03016,0.03016,0.03004,929.090682,28162.9,847.956117,25,1770006540000
REZUSDT,0.003675,0.003692,0.003693,0.003675,3470.843853,889858.0,3277.569709,67,1770006540000
MAGICUSDT,0.0682,0.0684,0.0685,0.0681,6706.03494,82508.1,5632.53267,56,1770006540000
TUSDT,0.00756,0.00758,0.00758,0.00755,1248.93942,148823.0,1126.03297,20,1770006540000
HIGHUSDT,0.1648,0.1652,0.1652,0.1648,1373.96108,7169.0,1183.33468,16,1770006540000
QNTUSDT,67.72,67.95,67.95,67.72,3325.615,39.2,2660.275,94,1770006540000
ASTRUSDT,0.008368,0.008376,0.008397,0.008363,4457.437547,302416.0,2533.720519,147,1770006540000
MINAUSDT,0.0707,0.0709,0.0709,0.0705,12201.9189,76596.0,5414.898,112,1770006540000
GMXUSDT,6.081,6.101,6.107,6.081,2495.92425,377.65,2299.14323,53,1770006540000
PHBUSDT,0.1804,0.1808,0.1808,0.1802,624.3509,1739.0,313.7985,26,1770006540000
CFXUSDT,0.0551,0.05534,0.05538,0.05506,7743.95306,123914.0,6847.26086,165,1770006540000
STXUSDT,0.2578,0.2585,0.2588,0.2577,12056.1641,26767.0,6912.482,203,1770006540000
SSVUSDT,3.85,3.859,3.859,3.845,1513.94508,165.37,636.88827,97,1770006540000
RAREUSDT,0.02095,0.02102,0.02102,0.02094,893.25845,33895.0,711.29532,28,1770006540000
ACHUSDT,0.008123,0.008151,0.008156,0.008119,9678.964591,1043594.0,8486.618346,160,1770006540000
CKBUSDT,0.001969,0.001975,0.001977,0.001969,1123.205062,366122.0,722.618362,29,1770006540000
LQTYUSDT,0.3179,0.3182,0.3187,0.3176,2093.44377,5218.0,1660.07179,30,1770006540000
TRUUSDT,0.00701,0.00703,0.00703,0.00701,1086.61826,132058.0,927.91017,16,1770006540000
IDUSDT,0.05494,0.0551,0.05513,0.05491,1548.92622,19527.0,1074.47377,86,1770006540000
ARBUSDT,0.1356,0.1362,0.1362,0.1356,57030.08185,314238.6,42703.02917,302,1770006540000
TLMUSDT,0.001894,0.0019,0.001901,0.001894,1995.45236,913021.0,1733.364264,45,1770006540000
HFTUSDT,0.02087,0.02093,0.02093,0.02085,3462.51692,148409.0,3101.72495,62,1770006540000
XVSUSDT,3.527,3.532,3.535,3.526,3621.5071,436.1,1539.9886,92,1770006540000
RDNTUSDT,0.00714,0.00716,0.00716,0.00714,397.06782,37619.0,269.14044,19,1770006540000
ETHBTC,0.029548,0.02957,0.02957,0.029539,0.41810701,8.06,0.23816739,15,1770006540000
BLURUSDT,0.02244,0.02255,0.02256,0.02243,10402.08374,388223.0,8731.65841,161,1770006540000
1000PEPEUSDT,0.004178,0.0041956,0.004199,0.0041752,343685.490012,43786146.0,183255.9748112,2317,1770006540000
JOEUSDT,0.04279,0.04295,0.04295,0.04277,908.17285,19802.0,848.37485,35,1770006540000
SUIUSDT,1.1142,1.1185,1.1195,1.114,211270.01701,123668.1,138088.88662,1150,1770006540000
FIOUSDT,0.00982,0.00984,0.00984,0.0098,824.50706,52914.0,519.97713,49,1770006540000
UMAUSDT,0.5636,0.5654,0.5658,0.5634,1189.5555,1725.0,974.0835,44,1770006540000
1000FLOKIUSDT,0.0343,0.03445,0.03447,0.03428,10368.95489,244488.0,8413.86695,185,1770006540000
HMSTRUSDT,0.0001886,0.0001894,0.0001894,0.0001886,4764.3135351,15304564.0,2894.1244499,61,1770006540000
NMRUSDT,8.902,8.933,8.935,8.897,4161.6433,313.8,2796.92,120,1770006540000
MAVUSDT,0.02008,0.02016,0.02017,0.02007,1267.97495,61659.0,1241.02598,22,1770006540000
XVGUSDT,0.005528,0.005545,0.005549,0.005523,2738.410882,449053.0,2485.820481,116,1770006540000
EDUUSDT,0.1538,0.154,0.1541,0.1534,7102.4889,14965.0,2300.1468,125,1770006540000
WLDUSDT,0.4005,0.402,0.4021,0.4002,75243.8817,128029.0,51381.008,588,1770006540000
PENDLEUSDT,1.5768,1.5831,1.5839,1.5748,28305.3193,10177.0,16085.9134,677,1770006540000
ARKMUSDT,0.1312,0.1316,0.1317,0.1311,14180.4659,70448.0,9265.446,97,1770006540000
AGLDUSDT,0.235,0.2359,0.2362,0.2349,1884.1522,7893.0,1859.7107,52,1770006540000
YGGUSDT,0.0463,0.04647,0.04652,0.04627,5373.61855,110791.0,5144.00386,64,1770006540000
BNTUSDT,0.3205,0.3216,0.3216,0.3205,513.3374,1547.0,497.3124,19,1770006540000
DODOXUSDT,0.017045,0.017073,0.017081,0.017036,479.232787,27094.0,462.507211,13,1770006540000
OXTUSDT,0.01922,0.01933,0.01934,0.01922,446.53188,19554.0,376.82008,26,1770006540000
1000000MOGUSDT,0.1891,0.1899,0.19,0.1891,6290.47057,27045.1,5125.95654,30,1770006540000
CYBERUSDT,0.5694,0.5715,0.5719,0.5691,3448.52896,5471.1,3120.15011,78,1770006540000
ARKUSDT,0.2143,0.2149,0.2149,0.2143,5965.9029,14634.0,3141.3022,53,1770006540000
BICOUSDT,0.03007,0.03017,0.03021,0.03007,1292.93726,37675.0,1135.35239,53,1770006540000
BIGTIMEUSDT,0.01728,0.01733,0.01734,0.01727,8695.5874,462950.0,8008.87098,58,1770006540000
AKTUSDT,0.3548,0.3559,0.3559,0.3547,2862.55677,7722.7,2745.42553,46,1770006540000
WAXPUSDT,0.007093,0.00711,0.007112,0.007085,1879.56361,174982.0,1243.453469,47,1770006540000
RIFUSDT,0.03876,0.03882,0.03882,0.03872,1134.76206,28167.0,1092.82822,29,1770006540000
GASUSDT,1.846,1.849,1.85,1.843,32846.3782,9680.0,17893.4306,185,1770006540000
CHILLGUYUSDT,0.01187,0.0119,0.01192,0.01185,281.67934,13283.0,158.10859,26,1770006540000
POLYXUSDT,0.04757,0.04776,0.04779,0.04755,5844.8183,112238.0,5354.54817,100,1770006540000
POWRUSDT,0.07157,0.07178,0.07181,0.07154,948.91299,11860.0,850.46611,24,1770006540000
TIAUSDT,0.368,0.3698,0.3699,0.3678,46120.4485,105325.0,38858.9335,312,1770006540000
BSVUSDT,15.39,15.43,15.43,15.38,2982.774,164.7,2535.824,35,1770006540000
CAKEUSDT,1.5184,1.5254,1.5257,1.5184,14577.9486,7798.0,11875.5024,208,1770006540000
MEMEUSDT,0.000824,0.000827,0.000828,0.000823,26189.190704,24338438.0,20097.294656,133,1770006540000
ORDIUSDT,3.117,3.129,3.131,3.116,15800.3828,4071.6,12725.845,192,1770006540000
TWTUSDT,0.6698,0.6718,0.672,0.6695,5459.8428,7834.0,5256.0912,129,1770006540000
STEEMUSDT,0.05573,0.05586,0.05586,0.0557,309.85192,5358.0,298.65622,14,1770006540000
KASUSDT,0.03073,0.03084,0.03084,0.03072,11650.62033,350893.0,10803.48091,184,1770006540000
ILVUSDT,4.255,4.268,4.269,4.252,1936.0438,450.9,1921.157,28,1770006540000
BEAMXUSDT,0.002627,0.002629,0.002632,0.00262,7293.121999,1590397.0,4176.087802,120,1770006540000
1000BONKUSDT,0.007074,0.007102,0.007106,0.007071,80415.03933,7453828.0,52807.058678,388,1770006540000
PYTHUSDT,0.05097,0.05115,0.05118,0.05095,16612.4626,227583.0,11623.33209,204,1770006540000
MOCAUSDT,0.01751,0.01757,0.01759,0.0175,1268.87349,51906.0,910.46102,36,1770006540000
SUPERUSDT,0.1482,0.1487,0.1487,0.1482,2509.0568,15466.0,2296.613,53,1770006540000
PENGUUSDT,0.007592,0.007627,0.00763,0.007587,76444.480303,8906632.0,67758.542221,636,1770006540000
ONGUSDT,0.07142,0.07166,0.07166,0.07138,2831.61406,22743.0,1626.94324,61,1770006540000
ETHWUSDT,0.3911,0.3922,0.3922,0.3911,232.2641,340.0,133.1464,11,1770006540000
AIXBTUSDT,0.02413,0.02423,0.02424,0.02411,5930.31572,178273.0,4308.71637,132,1770006540000
1000SATSUSDT,1.26e-05,1.27e-05,1.27e-05,1.26e-05,16059.347102,1260302426.0,16005.8408102,106,1770006540000
AUCTIONUSDT,4.466,4.477,4.48,4.465,18533.14515,3596.31,16091.32241,210,1770006540000
JTOUSDT,0.2882,0.2898,0.2899,0.2881,22811.7422,66116.0,19104.2411,276,1770006540000
1000RATSUSDT,0.06326,0.06343,0.06347,0.06326,2182.40117,21692.0,1374.354,45,1770006540000
ACEUSDT,0.2012,0.2017,0.202,0.2012,2204.686669,4629.54,933.35786,23,1770006540000
PHAUSDT,0.03105,0.03114,0.03115,0.031,1337.93912,41452.0,1289.04841,29,1770006540000
MOVRUSDT,1.806,1.81,1.81,1.806,1975.3587,1086.39,1964.84487,19,1770006540000
NFPUSDT,0.0193,0.01937,0.01938,0.01928,2973.469058,87344.3,1687.51455,57,1770006540000
WIFUSDT,0.2522,0.2531,0.2533,0.2521,103934.1268,250765.6,63348.03065,527,1770006540000
AIUSDT,0.02694,0.02704,0.02707,0.02693,1628.6779,55995.0,1513.70808,39,1770006540000
XAIUSDT,0.01183,0.01187,0.01187,0.01182,3171.82094,145823.0,1728.7968,48,1770006540000
ETHUSDT,2253.7,2262.2,2262.81,2253.56,18276292.33071,5073.519,11456360.53934,15515,1770006540000
ONDOUSDT,0.2763,0.2777,0.278,0.2763,60164.99171,145526.0,40354.5024,310,1770006540000
MANTAUSDT,0.07479,0.07494,0.07508,0.07465,10032.360764,85221.5,6372.910536,188,1770006540000
LSKUSDT,0.1448,0.1453,0.1453,0.1447,1248.901,7090.0,1028.923,32,1770006540000
PROMUSDT,1.5,1.509,1.509,1.499,1979.8697,1209.6,1821.5059,59,1770006540000
ALTUSDT,0.00934,0.00939,0.00939,0.00933,8527.82689,643476.0,6021.12328,80,1770006540000
JUPUSDT,0.1914,0.1927,0.193,0.1913,74049.083,273935.0,52594.2032,508,1770006540000
ARCUSDT,0.04409,0.04437,0.04441,0.04407,36153.22546,564554.0,24982.65597,415,1770006540000
RONINUSDT,0.1079,0.1082,0.1082,0.1077,2929.0031,21910.7,2367.67888,61,1770006540000
DYMUSDT,0.04657,0.04672,0.04673,0.04657,656.830023,11743.8,548.015349,28,1770006540000
GLMUSDT,0.20718,0.20791,0.20801,0.20708,2923.40774,11830.0,2456.15868,86,1770006540000
STRKUSDT,0.0553,0.0556,0.0556,0.0551,106611.02503,818985.5,45357.72933,267,1770006540000
PIXELUSDT,0.00634,0.00636,0.00637,0.00633,925.25195,108638.0,689.8466,58,1770006540000
OMUSDT,0.05027,0.05045,0.05051,0.0502,29062.922791,331421.2,16692.966945,409,1770006540000
PIPPINUSDT,0.19105,0.19094,0.19147,0.19021,108123.35972,330021.0,63021.89814,2040,1770006540000
PORTALUSDT,0.01672,0.01678,0.01678,0.01671,2212.884658,99094.4,1658.541948,33,1770006540000
AXLUSDT,0.0626,0.0626,0.0626,0.0623,39019.62766,85204.9,5325.97597,185,1770006540000
METISUSDT,3.899,3.912,3.912,3.897,2621.51449,629.26,2457.35313,38,1770006540000
AEVOUSDT,0.02855,0.02861,0.02864,0.02851,5310.92004,92764.2,2651.328881,82,1770006540000
VANRYUSDT,0.006447,0.006461,0.006466,0.006444,5445.509323,773554.0,4989.685721,33,1770006540000
BNBUSDT,756.46,758.72,759.03,756.45,1509494.1053,1532.73,1161353.1905,2388,1770006540000
ENAUSDT,0.1377,0.1383,0.1385,0.1376,250837.8637,1288821.0,177904.3201,504,1770006540000
ETHFIUSDT,0.4919,0.4939,0.4942,0.4914,19910.6818,33079.9,16309.17994,225,1770006540000
WUSDT,0.0231,0.0232,0.0232,0.02308,14505.765898,461914.2,10694.766781,175,1770006540000
TNSRUSDT,0.04962,0.04973,0.04974,0.0496,3943.208902,44955.3,2232.934231,188,1770006540000
SAGAUSDT,0.03511,0.03524,0.03527,0.03506,8218.292006,145812.8,5126.730501,157,1770006540000
NOTUSDT,0.0004504,0.0004519,0.000452,0.0004499,3123.9840089,6413322.0,2892.9238177,47,1770006540000
TURBOUSDT,0.0012047,0.0012093,0.0012101,0.0012036,12989.0832825,7362012.0,8886.8410932,349,1770006540000
FORMUSDT,0.2459,0.2468,0.2469,0.2459,2682.92662,9458.3,2332.01729,75,1770006540000
TAOUSDT,191.01,191.73,191.94,190.89,93665.82339,271.582,51995.02517,662,1770006540000
BBUSDT,0.03659,0.03673,0.03674,0.03655,3887.59657,83012.0,3043.85508,97,1770006540000
IOUSDT,0.1243,0.1247,0.1248,0.1243,3767.75962,27140.2,3380.54042,64,1770006540000
ZKUSDT,0.02604,0.02604,0.02607,0.02598,95048.78175,1641537.0,42743.07097,796,1770006540000
RENDERUSDT,1.522,1.528,1.53,1.521,30658.983,15771.5,24072.336,259,1770006540000
MEWUSDT,0.000701,0.000705,0.000705,0.000701,11405.914841,11044930.0,7757.551228,56,1770006540000
ZROUSDT,1.7783,1.7811,1.7815,1.7719,53182.31421,19307.5,34329.97601,744,1770006540000
LISTAUSDT,0.1155,0.1159,0.1161,0.1155,1637.2513,9897.0,1147.1391,97,1770006540000
NILUSDT,0.05054,0.05065,0.05065,0.05049,1415.703644,19443.2,983.888012,37,1770006540000
SYNUSDT,0.07724,0.07747,0.07753,0.07718,11006.02818,61775.0,4776.76943,281,1770006540000
BANANAUSDT,4.747,4.764,4.764,4.746,1509.0236,273.9,1302.4702,27,1770006540000
BRETTUSDT,0.00952,0.00956,0.00956,0.0095,5645.37079,531731.0,5069.64638,51,1770006540000
POPCATUSDT,0.0551,0.0553,0.0553,0.0551,9412.4277,114776.0,6336.0845,61,1770006540000
SYSUSDT,0.01549,0.01554,0.01556,0.01549,889.24182,49393.0,766.55578,40,1770006540000
SUNUSDT,0.017158,0.017187,0.01719,0.017158,1782.073643,98979.0,1700.119635,59,1770006540000
DOGSUSDT,3.07e-05,3.08e-05,3.08e-05,3.07e-05,6798.8389963,171967162.0,5291.9207427,67,1770006540000
MBOXUSDT,0.02357,0.02366,0.02369,0.02357,1901.138,73719.0,1740.83502,40,1770006540000
CHESSUSDT,0.02478,0.0248,0.0248,0.0247,1854.09555,5773.0,142.95114,44,1770006540000
FLUXUSDT,0.0812,0.0814,0.0814,0.0811,100.1192,961.0,78.1114,10,1770006540000
RPLUSDT,1.765,1.77,1.771,1.765,818.78,458.0,809.576,13,1770006540000
POLUSDT,0.10355,0.10393,0.10401,0.10352,34300.3294,248664.0,25818.49036,396,1770006540000
1MBABYDOGEUSDT,0.000463,0.0004644,0.0004644,0.0004625,3034.4058307,4727114.0,2190.8513971,103,1770006540000
NEIROUSDT,8.64e-05,8.66e-05,8.67e-05,8.63e-05,12352.5526191,113718510.0,9833.6389898,131,1770006540000
CATIUSDT,0.04729,0.0474,0.0474,0.04729,954.87469,19946.0,943.80883,33,1770006540000
FIDAUSDT,0.02125,0.02135,0.02136,0.02125,1042.816,30476.0,649.1326,52,1770006540000
WCTUSDT,0.06224,0.0624,0.06243,0.06215,6137.2474,46923.0,2922.17972,113,1770006540000
GHSTUSDT,0.1485,0.1485,0.1486,0.1482,345.825,1439.0,213.8189,14,1770006540000
COSUSDT,0.001104,0.001108,0.001108,0.001104,1927.47495,1667179.0,1840.892646,15,1770006540000
EIGENUSDT,0.2558,0.2568,0.2569,0.2554,39843.44029,106727.2,27335.18539,281,1770006540000
DIAUSDT,0.224,0.2243,0.2246,0.2238,2719.6186,11878.0,2664.2569,38,1770006540000
1000CATUSDT,0.00209,0.002099,0.002099,0.00209,1732.637528,799848.0,1675.69465,33,1770006540000
SCRUSDT,0.06136,0.06162,0.06167,0.06134,424.74199,5353.0,329.25095,32,1770006540000
JSTUSDT,0.041273,0.041333,0.041365,0.041269,1267.950923,27927.0,1153.906526,46,1770006540000
CTKUSDT,0.2198,0.2205,0.2205,0.2197,1461.5996,6519.0,1435.675,27,1770006540000
SAFEUSDT,0.1205,0.1209,0.1209,0.1205,1120.2633,9122.0,1101.0879,17,1770006540000
GOATUSDT,0.02537,0.02549,0.02549,0.02537,1313.6576,48293.0,1227.1168,43,1770006540000
SANTOSUSDT,2.029,2.031,2.031,2.029,510.1253,194.5,394.9768,11,1770006540000
MOODENGUSDT,0.05336,0.05363,0.05364,0.05334,12694.86748,118687.0,6351.05606,198,1770006540000
DOLOUSDT,0.03485,0.03493,0.03493,0.03481,3062.65495,72976.0,2545.73326,108,1770006540000
CETUSUSDT,0.01815,0.01819,0.0182,0.01814,1298.59357,52424.0,953.49996,27,1770006540000
COWUSDT,0.1602,0.1607,0.1608,0.1602,2617.81,13656.0,2192.2782,53,1770006540000
GRASSUSDT,0.2114,0.2122,0.2122,0.2114,1481.96475,6404.9,1356.31011,41,1770006540000
OGUSDT,2.967,2.973,2.973,2.966,1883.5499,628.8,1869.0165,36,1770006540000
DRIFTUSDT,0.1077,0.1081,0.1081,0.1077,3482.195,26009.0,2807.8868,34,1770006540000
ACTUSDT,0.01519,0.01525,0.01526,0.01518,3344.58603,197762.0,3012.30185,113,1770006540000
SYRUPUSDT,0.29088,0.29243,0.29243,0.29062,11798.22148,26444.0,7709.33397,675,1770006540000
PNUTUSDT,0.05663,0.05688,0.0569,0.05658,10043.6213,135861.0,7711.72554,292,1770006540000
HIPPOUSDT,0.000654,0.000657,0.000657,0.000654,2481.88982,3511292.0,2302.912264,50,1770006540000
DEGENUSDT,0.0008,0.000802,0.000803,0.0008,960.598879,616937.0,494.770537,18,1770006540000
BANUSDT,0.07146,0.0716,0.0716,0.07138,398.05723,4774.0,341.61685,18,1770006540000
AWEUSDT,0.05616,0.05627,0.05632,0.05616,3013.04584,51852.0,2916.80612,82,1770006540000
SCRTUSDT,0.1198,0.1203,0.1203,0.1198,949.7061,6254.0,751.9077,27,1770006540000
1000WHYUSDT,1.28e-05,1.28e-05,1.29e-05,1.28e-05,226.7894568,5949480.0,76.748292,18,1770006540000
1000CHEEMSUSDT,0.0006448,0.0006484,0.00065,0.0006443,10479.5369359,14550072.0,9434.0499505,267,1770006540000
SOPHUSDT,0.010835,0.01084,0.010845,0.010818,8005.305618,206599.0,2238.221511,252,1770006540000
THEUSDT,0.2172,0.2182,0.2182,0.2171,1091.89564,4916.9,1069.98511,38,1770006540000
KAIAUSDT,0.05516,0.05536,0.05536,0.05514,6281.83417,103257.0,5705.34187,115,1770006540000
HYPEUSDT,31.396,31.52,31.521,31.396,393298.86744,9567.46,300966.10853,1581,1770006540000
MORPHOUSDT,1.1169,1.1204,1.1216,1.1163,4292.04965,3346.4,3745.32264,160,1770006540000
ACXUSDT,0.04023,0.04043,0.04043,0.04023,978.184618,12960.3,522.713018,35,1770006540000
ORCAUSDT,0.877,0.88,0.88,0.877,3238.8452,2968.8,2607.044,43,1770006540000
MOVEUSDT,0.02562,0.02569,0.02574,0.0256,50884.13436,618756.0,15884.02796,357,1770006540000
RAYSOLUSDT,0.689,0.6909,0.6914,0.6885,9359.87671,5108.0,3524.50137,126,1770006540000
TAIKOUSDT,0.1431,0.1433,0.1434,0.1431,1522.7423,9201.0,1318.2049,29,1770006540000
KOMAUSDT,0.00767,0.00766,0.00767,0.00764,267.07908,21836.0,167.27784,18,1770006540000
MEUSDT,0.1587,0.1592,0.1592,0.1586,7333.93089,30166.1,4795.68965,124,1770006540000
VIRTUALUSDT,0.6325,0.6351,0.6354,0.6323,55265.52181,58654.1,37188.58686,498,1770006540000
SPXUSDT,0.2984,0.3003,0.3006,0.2983,24714.8372,53296.0,15958.2731,229,1770006540000
AVAUSDT,0.2707,0.2711,0.2713,0.2705,534.07585,933.4,253.06304,22,1770006540000
DEGOUSDT,0.3545,0.3554,0.3555,0.3545,373.3428,1035.5,367.51568,21,1770006540000
LUMIAUSDT,0.079,0.0793,0.0793,0.079,325.09912,3818.1,302.07443,13,1770006540000
VANAUSDT,1.783,1.787,1.789,1.782,5876.8436,3117.06,5566.51889,48,1770006540000
VELODROMEUSDT,0.01612,0.01618,0.01619,0.01611,1886.77391,102067.0,1647.63632,37,1770006540000
USUALUSDT,0.01867,0.01874,0.01874,0.01866,1271.74071,64411.0,1204.32213,70,1770006540000
IDOLUSDT,0.03374,0.03368,0.03377,0.03368,366.07552,3601.0,121.57573,15,1770006540000
FARTCOINUSDT,0.2225,0.2237,0.2237,0.2225,45265.41239,160507.0,35822.05016,342,1770006540000
PUMPUSDT,0.002506,0.002518,0.002518,0.002505,124519.69368,29712457.0,74588.82197,510,1770006540000
KMNOUSDT,0.03458,0.03461,0.03465,0.03453,2831.13694,61557.0,2128.85814,67,1770006540000
CROSSUSDT,0.11366,0.11382,0.11382,0.11366,338.32113,1910.0,217.1249,13,1770006540000
CGPTUSDT,0.02432,0.0244,0.0244,0.02432,1109.86067,39343.0,958.32022,32,1770006540000
DEXEUSDT,2.485,2.493,2.493,2.485,447.24742,172.6,429.05948,18,1770006540000
VELVETUSDT,0.11203,0.11216,0.1122,0.11193,177.65089,1021.0,114.45513,16,1770006540000
HIVEUSDT,0.0799,0.0801,0.08018,0.0799,1811.2592,17565.0,1406.81352,40,1770006540000
DFUSDT,0.00951,0.00953,0.00953,0.00949,1292.38825,109486.0,1042.52971,32,1770006540000
GRIFFAINUSDT,0.01115,0.01117,0.01118,0.01114,424.44753,32979.0,368.36214,22,1770006540000
BIOUSDT,0.0325,0.0326,0.03261,0.03246,9654.9827,208182.0,6776.72427,161,1770006540000
COOKIEUSDT,0.0231,0.02319,0.02319,0.0231,1100.9815,37126.0,859.78173,27,1770006540000
SWARMSUSDT,0.00891,0.00894,0.00895,0.00891,663.63579,47432.0,423.73555,32,1770006540000
ALCHUSDT,0.089,0.08929,0.08942,0.08899,5660.61514,49954.0,4452.81349,70,1770006540000
ZEREBROUSDT,0.00904,0.00904,0.00905,0.00902,412.93822,2499.0,22.58305,27,1770006540000
SONICUSDT,0.04578,0.04592,0.04593,0.04578,752.725956,11745.4,538.446854,24,1770006540000
SEIUSDT,0.0859,0.0861,0.0862,0.0858,52418.4732,314562.0,27053.2527,157,1770006540000
DUSDT,0.01181,0.01187,0.01187,0.01181,1050.48911,71183.0,843.60119,31,1770006540000
NAORISUSDT,0.02285,0.0229,0.02292,0.02283,1352.34124,30156.0,690.06683,52,1770006540000
SUSDT,0.0508,0.05097,0.051,0.05078,11788.54936,195309.0,9938.67542,194,1770006540000
SOLVUSDT,0.00939,0.00942,0.00942,0.00938,1228.07028,118965.0,1117.94106,51,1770006540000
TRUMPUSDT,4.144,4.155,4.156,4.144,60468.36933,9405.46,39028.00014,298,1770006540000
AVAAIUSDT,0.00995,0.01,0.01002,0.00988,61664.95382,3164292.0,31424.78604,602,1770006540000
MELANIAUSDT,0.1279,0.128,0.128,0.1278,1389.516551,2494.58,319.23264,91,1770006540000
VTHOUSDT,0.0006504,0.0006527,0.0006527,0.0006504,223.8344755,309569.0,201.6410858,11,1770006540000
YALAUSDT,0.01055,0.01058,0.01058,0.01054,918.50539,68032.0,717.93072,36,1770006540000
ANIMEUSDT,0.005828,0.005843,0.005851,0.005821,12335.183874,1152996.0,6735.496518,260,1770006540000
VINEUSDT,0.02111,0.02121,0.02121,0.02109,4261.41362,185641.0,3926.81316,36,1770006540000
BERAUSDT,0.4591,0.4593,0.4595,0.4583,28816.41073,30402.9,13953.0878,420,1770006540000
TSTUSDT,0.01139,0.01142,0.01142,0.01137,1850.03168,148145.0,1688.83011,21,1770006540000
VVVUSDT,2.129,2.137,2.138,2.128,6103.60986,2262.14,4822.8365,63,1770006540000
LAYERUSDT,0.1003,0.1007,0.1007,0.1002,1073.89215,7638.6,767.47488,33,1770006540000
HEIUSDT,0.1078,0.108,0.108,0.1077,1833.46139,15912.3,1716.9287,30,1770006540000
SOMIUSDT,0.2192,0.2191,0.2194,0.2187,56104.1347,116350.0,25501.567,437,1770006540000
B3USDT,0.000623,0.000626,0.000626,0.000622,430.712632,552291.0,344.653746,39,1770006540000
NTRNUSDT,0.01528,0.01532,0.01532,0.01526,2066.89121,126385.0,1932.72692,33,1770006540000
GPSUSDT,0.006856,0.006869,0.006875,0.006856,1630.54051,156610.0,1074.937536,54,1770006540000
IPUSDT,1.46,1.472,1.475,1.46,159526.9535,80815.4,118750.1765,750,1770006540000
SHELLUSDT,0.03678,0.0369,0.03691,0.03677,3083.80422,76771.0,2830.12465,46,1770006540000
KAITOUSDT,0.3609,0.3625,0.3627,0.3604,19828.71559,38812.4,14040.00048,275,1770006540000
USTCUSDT,0.005675,0.005697,0.0057,0.005675,4645.285607,526446.0,2997.662294,115,1770006540000
REDUSDT,0.2127,0.2136,0.2137,0.2127,4163.6567,16069.0,3427.8638,55,1770006540000
VICUSDT,0.0633,0.0633,0.0635,0.0632,3144.2284,33761.0,2140.0988,56,1770006540000
EPICUSDT,0.4103,0.4115,0.4115,0.4097,433.34282,997.0,409.52817,25,1770006540000
BMTUSDT,0.01817,0.01823,0.01823,0.01817,1591.11333,81372.0,1481.63397,63,1770006540000
MUBARAKUSDT,0.01593,0.01598,0.01598,0.01591,2627.22863,144531.0,2305.55241,67,1770006540000
TUTUSDT,0.01161,0.01164,0.01164,0.01161,788.80615,67830.0,788.80615,13,1770006540000
BROCCOLIF3BUSDT,0.004067,0.004058,0.004071,0.004058,134.80619,0.0,0.0,24,1770006540000
FLOCKUSDT,0.061,0.0613,0.0613,0.061,838.2761,8985.0,549.3385,16,1770006540000
BROCCOLI714USDT,0.01557,0.01564,0.01565,0.01557,5059.84099,257712.0,4024.02018,89,1770006540000
SIRENUSDT,0.07716,0.07732,0.07734,0.07716,696.79377,8843.0,683.58171,15,1770006540000
BANANAS31USDT,0.003576,0.003586,0.003586,0.003572,6310.108439,1629676.0,5835.63997,69,1770006540000
BRUSDT,0.05643,0.05643,0.05654,0.05643,90.40162,487.0,27.53498,12,1770006540000
PLUMEUSDT,0.01191,0.01195,0.01195,0.0119,6555.63924,347315.0,4141.94439,90,1770006540000
PARTIUSDT,0.07782,0.07739,0.07829,0.07669,38838.8262,235817.0,18324.53051,940,1770006540000
JELLYJELLYUSDT,0.05325,0.05335,0.05342,0.05323,4136.38029,52246.0,2788.70928,59,1770006540000
MAVIAUSDT,0.04482,0.04498,0.04503,0.0448,399.03352,8135.0,365.90209,13,1770006540000
TOSHIUSDT,0.0002038,0.0002045,0.0002047,0.0002038,2895.7483947,13542331.0,2767.337958,25,1770006540000
PAXGUSDT,4706.22,4701.46,4708.31,4700.81,459214.45373,42.654,200682.55248,1217,1770006540000
WALUSDT,0.0909,0.0913,0.0916,0.0909,15140.7546,149639.0,13671.8887,97,1770006540000
MLNUSDT,3.779,3.788,3.788,3.779,799.23948,197.98,749.67904,12,1770006540000
ASTERUSDT,0.5472,0.5496,0.5497,0.5468,272454.1781,440045.0,241123.219,811,1770006540000
ATHUSDT,0.0069,0.00692,0.00693,0.00689,4774.128,609493.0,4215.50664,72,1770006540000
FUNUSDT,0.001148,0.001151,0.001151,0.001147,1434.054278,555323.0,638.732217,52,1770006540000
GUNUSDT,0.02876,0.02899,0.02901,0.02875,18715.54642,399452.0,11528.96559,292,1770006540000
PROMPTUSDT,0.05905,0.05931,0.05931,0.05905,659.03531,10460.0,619.3014,45,1770006540000
LIGHTUSDT,0.351,0.3523,0.3524,0.3509,11893.4218,27578.0,9700.3644,188,1770006540000
BABYUSDT,0.01647,0.01652,0.01652,0.01646,2277.35165,115825.0,1909.94503,48,1770006540000
FORTHUSDT,1.403,1.41,1.41,1.402,317.994,142.9,200.9459,21,1770006540000
STOUSDT,0.07798,0.07817,0.07817,0.07793,1290.93655,12444.0,971.20966,76,1770006540000
FHEUSDT,0.14881,0.14933,0.14933,0.14868,20728.04464,51680.0,7699.99353,252,1770006540000
INITUSDT,0.0823,0.0825,0.0825,0.0823,1949.666,18397.0,1515.6981,35,1770006540000
KERNELUSDT,0.05964,0.05967,0.05972,0.05953,1217.2059,12623.0,752.18883,32,1770006540000
AERGOUSDT,0.05427,0.05433,0.05433,0.05425,439.66848,1732.0,94.03578,22,1770006540000
LYNUSDT,0.11478,0.11477,0.11479,0.11471,596.94996,3375.0,387.35225,23,1770006540000
BANKUSDT,0.04462,0.04472,0.04473,0.0446,991.94032,10899.0,486.75531,31,1770006540000
DEEPUSDT,0.02706,0.02717,0.02721,0.02704,4914.27423,152546.0,4142.69295,90,1770006540000
SIGNUSDT,0.03563,0.03576,0.03581,0.03563,2677.81864,68041.0,2430.75554,88,1770006540000
MONUSDT,0.01797,0.01803,0.01804,0.01796,21477.19556,949135.0,17084.88191,168,1770006540000
PUNDIXUSDT,0.1822,0.1828,0.1828,0.1822,404.0384,2129.0,388.1774,21,1770006540000
HYPERUSDT,0.105,0.1057,0.1057,0.105,7801.9622,68090.0,7189.7309,80,1770006540000
ZETAUSDT,0.05952,0.05963,0.05966,0.05949,6695.10598,104657.0,6237.03317,68,1770006540000
AIOTUSDT,0.0561,0.0562,0.0563,0.0561,933.8681,4735.0,266.0495,31,1770006540000
HAEDALUSDT,0.02961,0.02967,0.02967,0.02958,1045.13374,34968.0,1036.34848,23,1770006540000
GUSDT,0.003725,0.003736,0.003736,0.003725,866.637704,187164.0,698.939342,29,1770006540000
SXTUSDT,0.02592,0.02593,0.02598,0.02588,3204.78856,67797.0,1759.20092,78,1770006540000
ASRUSDT,1.424,1.427,1.427,1.424,84.3963,38.2,54.4923,5,1770006540000
ALPINEUSDT,0.4385,0.4397,0.4399,0.4385,1373.52808,2753.3,1210.82534,57,1770006540000
B2USDT,0.83,0.8301,0.8301,0.8298,478.1148,536.0,444.9228,17,1770006540000
DOODUSDT,0.004228,0.004235,0.00424,0.004227,964.387457,120738.0,511.683894,26,1770006540000
ZKJUSDT,0.03022,0.03028,0.0303,0.03015,317.52871,9814.6,297.048619,13,1770006540000
SKYAIUSDT,0.04101,0.041,0.04103,0.04093,966.98659,7974.0,326.91404,40,1770006540000
NXPCUSDT,0.369,0.3703,0.3703,0.3689,1079.1266,2881.0,1065.1084,48,1770006540000
CVCUSDT,0.03449,0.03458,0.03458,0.03447,213.57146,3339.0,115.23654,12,1770006540000
AGTUSDT,0.003937,0.00394,0.003945,0.003935,616.148016,111644.0,440.146451,37,1770006540000
BUSDT,0.1837,0.1843,0.1843,0.1836,4293.3028,16495.0,3035.4154,71,1770006540000
APRUSDT,0.08148,0.08163,0.08163,0.08142,1904.92408,20487.0,1670.38109,19,1770006540000
SOONUSDT,0.1923,0.1931,0.1933,0.1923,9118.8881,31357.0,6049.9965,86,1770006540000
HUMAUSDT,0.025029,0.02503,0.025045,0.024974,5610.850212,83472.0,2088.342692,351,1770006540000
MERLUSDT,0.04976,0.05014,0.05014,0.04976,9343.28781,143744.0,7182.56544,233,1770006540000
AUSDT,0.0927,0.093,0.093,0.0927,9106.5569,54432.0,5056.5111,54,1770006540000
PUFFERUSDT,0.03838,0.03848,0.03848,0.03838,62.05005,1420.0,54.54645,5,1770006540000
BDXNUSDT,0.01569,0.01581,0.01581,0.01569,4696.28276,155094.0,2443.32344,87,1770006540000
STABLEUSDT,0.025772,0.02581,0.025814,0.025727,67654.479702,1217505.0,31384.217768,1551,1770006540000
1000000BOBUSDT,0.01399,0.01399,0.01402,0.01398,197.98359,8094.0,113.39719,20,1770006540000
LAUSDT,0.2375,0.2386,0.2388,0.2374,3949.51639,9098.5,2166.22788,67,1770006540000
HOMEUSDT,0.029935,0.029971,0.030073,0.029915,14198.93724,387276.0,11622.330058,206,1770006540000
SQDUSDT,0.06381,0.06387,0.0639,0.06379,1111.39446,15838.0,1011.71992,29,1770006540000
PUMPBTCUSDT,0.02037,0.02046,0.02046,0.02037,687.90069,27746.0,566.14911,20,1770006540000
SPKUSDT,0.02072,0.02079,0.02079,0.02072,1197.35326,52219.0,1083.56484,19,1770006540000
RESOLVUSDT,0.07856,0.07863,0.07868,0.07855,5432.41271,58021.0,4561.65898,173,1770006540000
MYXUSDT,5.655,5.651,5.656,5.633,28644.598,2198.0,12412.916,289,1770006540000
IRYSUSDT,0.050745,0.05075,0.050866,0.050696,2551.993775,22146.0,1124.456187,94,1770006540000
NEWTUSDT,0.0852,0.0854,0.0854,0.0851,1129.6868,10495.0,894.723,28,1770006540000
OLUSDT,0.01429,0.01432,0.01432,0.01427,111.45186,5189.0,74.18907,14,1770006540000
SAHARAUSDT,0.01824,0.01832,0.01832,0.01823,7315.43359,319642.0,5843.98731,88,1770006540000
ICNTUSDT,0.3635,0.3641,0.3641,0.3634,704.2719,1406.0,511.6164,37,1770006540000
BULLAUSDT,0.02103,0.02109,0.02112,0.02084,65528.83607,1549326.0,32519.55867,1099,1770006540000
FUSDT,0.005874,0.005878,0.005882,0.005855,10213.516566,481138.0,2823.99076,297,1770006540000
MUSDT,1.2956,1.2994,1.3,1.2955,2878.3721,1762.0,2285.5435,65,1770006540000
GUAUSDT,0.16303,0.16291,0.16308,0.16287,521.03207,1103.0,179.85042,20,1770006540000
HUSDT,0.10792,0.10868,0.10874,0.10792,19139.19021,135795.0,14719.12256,515,1770006540000
AINUSDT,0.03982,0.03989,0.03989,0.03981,794.25458,19446.0,775.13938,35,1770006540000
CUSDT,0.06198,0.06214,0.06217,0.06195,593.01547,9303.0,577.33787,34,1770006540000
LITUSDT,1.592,1.595,1.595,1.59,33873.5298,12172.4,19395.718,170,1770006540000
TAUSDT,0.04084,0.04094,0.04094,0.04082,1810.92844,41179.0,1683.61249,42,1770006540000
ERAUSDT,0.1676,0.1681,0.1683,0.1676,1821.3742,8322.0,1398.0794,69,1770006540000
TACUSDT,0.004551,0.004561,0.004564,0.004549,1128.061527,211341.0,962.397454,43,1770006540000
CVXUSDT,1.758,1.767,1.767,1.758,4369.984,1141.1,2011.777,89,1770006540000
FRAXUSDT,0.7976,0.8008,0.8011,0.7974,10767.3112,11516.0,9203.5588,206,1770006540000
AIAUSDT,0.11662,0.11644,0.11672,0.11611,9904.44315,25341.0,2951.39828,166,1770006540000
SLPUSDT,0.0007293,0.0007303,0.0007303,0.0007282,2330.8180535,1889340.0,1379.1611217,40,1770006540000
TREEUSDT,0.0685,0.0687,0.0687,0.0684,3918.098,26941.0,1847.6432,38,1770006540000
TAGUSDT,0.0003792,0.0003804,0.0003804,0.0003788,635.1331239,205677.0,78.1410409,18,1770006540000
ZORAUSDT,0.02642,0.02647,0.02649,0.02636,44967.20174,677712.0,17909.65079,650,1770006540000
A2ZUSDT,0.001098,0.001101,0.001101,0.001098,528.883144,416590.0,458.491567,11,1770006540000
PLAYUSDT,0.10157,0.10186,0.10186,0.10154,6318.78598,34953.0,3554.60325,113,1770006540000
ESPORTSUSDT,0.45413,0.45461,0.45461,0.45389,433.93358,680.0,309.06511,19,1770006540000
TOWNSUSDT,0.005086,0.005101,0.005101,0.005086,771.169349,111959.0,570.158786,22,1770006540000
PROVEUSDT,0.3358,0.3364,0.3364,0.3354,1834.36313,4138.3,1390.49584,49,1770006540000
AEROUSDT,0.3851,0.3858,0.3858,0.3841,21116.35717,22895.7,8809.65473,296,1770006540000
ALLUSDT,0.5097,0.5121,0.5126,0.5097,4375.8238,2749.0,1405.8119,70,1770006540000
AIOUSDT,0.1651,0.16534,0.16534,0.16508,141.24742,788.0,130.18578,9,1770006540000
INUSDT,0.05777,0.05804,0.05809,0.05777,14824.37622,219997.0,12733.9841,90,1770006540000
CARVUSDT,0.0727,0.0728,0.0728,0.0727,1195.2094,13467.0,979.6464,30,1770006540000
USELESSUSDT,0.04595,0.04617,0.04623,0.04586,7800.88816,130930.0,6027.42094,315,1770006540000
DAMUSDT,0.0197,0.01967,0.0197,0.01965,332.56577,3226.0,63.52467,40,1770006540000
XNYUSDT,0.003507,0.003513,0.003515,0.003502,1631.090292,452106.0,1587.891067,37,1770006540000
SAPIENUSDT,0.10033,0.10055,0.10058,0.10022,3707.34772,26955.0,2704.93982,336,1770006540000
XPLUSDT,0.1028,0.103,0.1032,0.1027,108760.2123,454669.0,46806.2394,352,1770006540000
WLFIUSDT,0.1321,0.1327,0.1327,0.1319,69423.4802,346622.0,45872.8185,344,1770006540000
BASUSDT,0.003512,0.003526,0.003526,0.003512,630.025336,148419.0,522.312874,29,1770006540000
BTRUSDT,0.1357,0.13582,0.13637,0.13555,27325.69523,78107.0,10629.33863,777,1770006540000
MITOUSDT,0.05016,0.05031,0.05031,0.05011,2370.53422,24801.0,1246.26673,39,1770006540000
HEMIUSDT,0.01163,0.01166,0.01166,0.0116,2339.72962,25630.0,298.08133,35,1770006540000
LINEAUSDT,0.004459,0.004472,0.004477,0.004455,8369.358261,1106091.0,4939.059643,174,1770006540000
ARIAUSDT,0.06427,0.06433,0.06433,0.06427,106.47883,305.0,19.60235,5,1770006540000
QUSDT,0.018784,0.018846,0.018848,0.018784,4627.142477,156043.0,2936.698236,332,1770006540000
TAKEUSDT,0.02697,0.02701,0.02702,0.02693,603.88958,9267.0,249.98032,51,1770006540000
PTBUSDT,0.001682,0.001684,0.001685,0.001681,1962.950799,857639.0,1443.855555,74,1770006540000
AVNTUSDT,0.2399,0.2407,0.2409,0.2398,25777.5837,84281.0,20263.8598,257,1770006540000
OPENUSDT,0.1554,0.1562,0.1564,0.1554,5940.372,37303.0,5823.1708,81,1770006540000
SKYUSDT,0.05992,0.06002,0.0601,0.05987,8332.9082,68892.0,4133.05226,199,1770006540000
HOLOUSDT,0.06659,0.06681,0.06686,0.06658,4452.64059,57290.0,3822.83088,79,1770006540000
UBUSDT,0.03469,0.03472,0.03472,0.03469,688.48256,18634.0,646.66063,23,1770006540000
XPINUSDT,0.002291,0.002293,0.002293,0.00229,401.100559,91887.0,210.673544,14,1770006540000
BARDUSDT,0.668,0.6694,0.6699,0.668,9032.6132,9619.0,6434.2771,240,1770006540000
0GUSDT,0.6269,0.6269,0.6271,0.6266,204047.7421,285405.0,178976.2661,701,1770006540000
ZKCUSDT,0.0943,0.0946,0.0946,0.0943,7238.1634,67330.0,6362.9687,60,1770006540000
STBLUSDT,0.03353,0.03358,0.03362,0.03353,1023.3314,8411.0,282.5099,34,1770006540000
TRADOORUSDT,0.791,0.792,0.793,0.79,2498.507,1109.0,878.542,63,1770006540000
COAIUSDT,0.2695,0.2702,0.2704,0.2693,5075.582,16061.0,4334.8944,53,1770006540000
HANAUSDT,0.03133,0.03133,0.03138,0.03125,3680.41768,51282.0,1606.62306,138,1770006540000
BLESSUSDT,0.00588,0.00592,0.00593,0.00588,1440.23737,187000.0,1105.01777,30,1770006540000
FLUIDUSDT,2.544,2.548,2.55,2.538,3272.0376,946.0,2407.5369,57,1770006540000
MIRAUSDT,0.1011,0.1015,0.1015,0.1011,5524.2484,46445.0,4701.1881,44,1770006540000
AKEUSDT,0.0003273,0.0003281,0.0003287,0.0003272,320.6026682,493967.0,162.047349,31,1770006540000
XANUSDT,0.00891,0.00897,0.00897,0.00891,5343.70842,527593.0,4709.33726,53,1770006540000
ORDERUSDT,0.06622,0.06648,0.06648,0.06619,6900.06083,99108.0,6574.46963,76,1770006540000
FFUSDT,0.07908,0.07922,0.07922,0.07908,4185.08339,35768.0,2831.60592,92,1770006540000
VFYUSDT,0.02141,0.02143,0.02145,0.0214,663.41283,28075.0,601.44583,25,1770006540000
EDENUSDT,0.04111,0.04128,0.04128,0.04111,1136.45841,24465.0,1007.30097,23,1770006540000
NOMUSDT,0.00699,0.007016,0.007017,0.00699,7831.074069,973856.0,6820.225761,172,1770006540000
TRUTHUSDT,0.014027,0.014048,0.01405,0.014027,1613.693803,93925.0,1319.12389,49,1770006540000
EVAAUSDT,0.6598,0.6613,0.6615,0.6591,663.84721,751.8,496.80644,38,1770006540000
2ZUSDT,0.10936,0.10971,0.10977,0.10926,5622.26264,42408.0,4644.72327,256,1770006540000
KGENUSDT,0.22026,0.22058,0.22058,0.22008,1695.2886,4467.0,984.61152,35,1770006540000
4USDT,0.01184,0.01189,0.01191,0.01183,2536.82631,191005.0,2267.58691,86,1770006540000
YBUSDT,0.1547,0.1553,0.1554,0.1546,5225.8247,26805.0,4157.5845,62,1770006540000
GIGGLEUSDT,36.58,36.82,36.87,36.56,60448.6227,1333.12,48977.6026,478,1770006540000
METUSDT,0.2367,0.2375,0.2377,0.2366,15527.7636,44181.0,10477.8573,142,1770006540000
EULUSDT,1.376,1.38,1.381,1.376,2954.2455,1713.1,2360.6409,36,1770006540000
ENSOUSDT,1.1594,1.1628,1.1642,1.1578,47176.63922,25863.8,30025.88879,1069,1770006540000
CLOUSDT,0.1773,0.1778,0.1778,0.1773,5360.1573,9915.0,1760.2788,80,1770006540000
ZBTUSDT,0.0744,0.0746,0.0746,0.0743,3931.3607,41017.0,3058.0703,57,1770006540000
RECALLUSDT,0.0624,0.0624,0.0625,0.0623,141.4273,757.0,47.277,14,1770006540000
LABUSDT,0.13392,0.13391,0.13404,0.13389,530.09879,1125.0,150.72364,28,1770006540000
RIVERUSDT,18.294,18.361,18.384,18.162,243553.0308,7430.3,135958.4153,4109,1770006540000
币安人生USDT,0.12321,0.12344,0.12346,0.12306,23853.45506,97526.0,12020.34505,348,1770006540000
BLUAIUSDT,0.005487,0.005507,0.00551,0.005469,4460.058756,456719.0,2507.563448,121,1770006540000
ONUSDT,0.07552,0.07551,0.07558,0.07544,317.59303,3171.0,239.55112,22,1770006540000
KITEUSDT,0.1473,0.14742,0.14762,0.14701,34459.47026,147721.0,21774.12907,672,1770006540000
TURTLEUSDT,0.05027,0.05038,0.05043,0.05022,2037.61101,27635.0,1390.2499,48,1770006540000
RVVUSDT,0.0031,0.003108,0.00311,0.003094,2680.425884,562414.0,1744.289064,121,1770006540000
CCUSDT,0.18478,0.18493,0.185,0.18467,4326.74954,15330.0,2833.4716,156,1770006540000
ATUSDT,0.1626,0.16276,0.16278,0.16256,6579.88284,31574.0,5136.70037,154,1770006540000
MMTUSDT,0.1622,0.1629,0.1629,0.162,12313.8707,73003.0,11875.0819,82,1770006540000
TRUSTUSDT,0.0825,0.083,0.083,0.0825,3719.7493,34417.0,2845.7606,67,1770006540000
UAIUSDT,0.2096,0.2099,0.2099,0.2088,18612.6538,29940.0,6275.0321,229,1770006540000
JCTUSDT,0.00143,0.001432,0.001433,0.001428,464.24507,18314.0,26.219547,17,1770006540000
FOLKSUSDT,1.527,1.532,1.532,1.526,2622.0749,848.6,1298.2188,54,1770006540000
ALLOUSDT,0.0668,0.0669,0.0669,0.0667,3953.1522,36357.0,2432.2168,48,1770006540000
CLANKERUSDT,35.22,35.07,35.22,34.9,21526.9597,301.41,10558.7487,493,1770006540000
BEATUSDT,0.1855,0.1866,0.1867,0.1855,15964.8551,49373.0,9186.0258,231,1770006540000
SENTUSDT,0.0338,0.03386,0.0339,0.0338,88188.89346,1450786.0,49115.79101,654,1770006540000
PIEVERSEUSDT,0.4255,0.4267,0.4267,0.4255,7830.657,12313.0,5243.8437,79,1770006540000
BOBUSDT,0.007589,0.007601,0.007606,0.007589,684.440949,54135.0,411.2271,27,1770006540000
RLSUSDT,0.006424,0.006432,0.006433,0.006418,811.417308,80241.0,515.983622,91,1770006540000
WETUSDT,0.08386,0.08389,0.08402,0.08338,34429.67503,203480.0,17037.327,367,1770006540000
NIGHTUSDT,0.04753,0.04774,0.04774,0.0475,11522.33727,203301.0,9687.92966,157,1770006540000
POWERUSDT,0.1954,0.1958,0.19587,0.19532,3193.67783,14604.0,2856.13254,76,1770006540000
RAVEUSDT,0.33657,0.33933,0.33947,0.33657,12931.52688,33181.0,11214.83437,258,1770006540000
CYSUSDT,0.3933,0.3965,0.3981,0.3928,131713.8504,165815.0,65592.3051,2323,1770006540000
ZKPUSDT,0.08838,0.08973,0.08975,0.08836,107819.87401,949683.0,84748.27193,1670,1770006540000
IRUSDT,0.06164,0.06191,0.06191,0.06164,1085.67759,12573.0,776.29682,36,1770006540000
USUSDT,0.00671,0.00672,0.00672,0.00671,1068.38879,155858.0,1045.9595,18,1770006540000
COLLECTUSDT,0.03441,0.03427,0.03471,0.0342,29642.43476,337158.0,11640.73037,567,1770006540000
MAGMAUSDT,0.09784,0.09782,0.09786,0.09765,1992.05872,11137.0,1088.54401,32,1770006540000
ZAMAUSDT,0.0455,0.0464,0.0476,0.0447,1574156.2021,18463968.0,857508.5632,7516,1770006540000
ACUUSDT,0.17643,0.17653,0.17653,0.17581,6482.40383,13026.0,2294.86812,199,1770006540000
我踏马来了USDT,0.040884,0.0405,0.04118,0.040228,427880.375902,4390224.0,178692.305967,4282,1770006540000
FOGOUSDT,0.03419,0.03423,0.03424,0.03418,9158.61592,182438.0,6242.21056,210,1770006540000
SKRUSDT,0.017765,0.017869,0.017877,0.017765,38763.846132,1461122.0,26050.983929,1096,1770006540000
SPORTFUNUSDT,0.03656,0.0367,0.03674,0.03653,4312.47573,98719.0,3619.69949,83,1770006540000
ELSAUSDT,0.09057,0.09087,0.09095,0.09054,13535.96279,89940.0,8162.96255,325,1770006540000
SPACEUSDT,0.006181,0.006199,0.006211,0.006156,53733.477372,5441484.0,33654.636747,878,1770006540000
BIRBUSDT,0.22882,0.2296,0.22988,0.22854,31256.59934,89561.0,20528.89251,787,1770006540000
FIGHTUSDT,0.005641,0.005667,0.005685,0.005598,102088.421322,10623500.0,59895.541931,1377,1770006540000
GWEIUSDT,0.034262,0.034204,0.034286,0.03417,6078.066811,57580.0,1970.780104,171,1770006540000
MEGAUSDT,0.14419,0.14451,0.14451,0.1439,2781.48899,12306.0,1775.58815,144,1770006540000
INXUSDT,0.013294,0.013308,0.013309,0.013274,15422.028811,479439.0,6375.868814,181,1770006540000
BREVUSDT,0.156,0.1566,0.1567,0.156,13396.1805,70484.0,11021.7023,95,1770006540000
